"s0q_B" "s0q_V" "s0q_M" "s0q_SE" "s1q_B" "s1q_V" "s1q_M" "s1q_SE" "lq_B" "lq_V" "lq_M" "lq_SE" "cb_B" "cb_V" "cb_M" "cb_SE" "Qntl" "SS" "Scenario"
0.0518064815748371 0.20369870015499 0.210084694391456 0.0560823861222397 0.0803810707810326 0.229417691725961 0.242983458983315 0.0665253572744644 1.9033529918342 1.26470169302154 2.28486837990363 0.761616109128349 0.0217397784959739 0.22841023280727 0.229328762229412 0.0742698532062059 5 "100" "Mixed"
0.0546798955968571 0.128881426756863 0.139941783335803 0.0334828756407618 0.0266820327293862 0.147184032328679 0.149510558502499 0.0415140951135125 0.227144695948097 0.297470064957237 0.374158608084152 0.132143662645906 0.0119137053552003 0.13633859612655 0.136790207822984 0.0417086895087182 50 "100" "Mixed"
0.0591509692607527 0.204249027143473 0.212543606322214 0.0536705654312915 0.0385731358649448 0.239404565149085 0.242373922027234 0.078323682320759 1.65779411221238 1.00076904408278 1.93618657659865 0.589230184679048 0.0100167622655716 0.213160366597194 0.213289099750192 0.0802098908767726 90 "100" "Mixed"
0.0624148358864713 0.242724745804782 0.250503490320006 0.0625458640800465 0.0611675265541777 0.284483742800007 0.290846239828434 0.09119091840882 2.18376138876137 1.2623168122505 2.52203570430729 0.747516455839259 0.0182519776840625 0.27240070510669 0.272875569972577 0.089749314896092 95 "100" "Mixed"
0.0219355878485881 0.121513064457659 0.123417297909654 0.033328569419302 0.0302453883522624 0.12630045973428 0.129810006700333 0.0361725846616765 1.97798879794348 1.26670528102858 2.34848406669209 0.822751777058546 0.0154925724043676 0.120772454661782 0.121702175900564 0.035012487409212 5 "300" "Mixed"
0.0155877715412223 0.0766351168736053 0.0781667884636069 0.0188541112434587 0.00916221456422787 0.0787749731698357 0.0792668725082009 0.0203405728567824 0.226122198468832 0.106522709470826 0.249933969651488 0.0207313927514202 0.00942333862705357 0.0744611122517507 0.0750180784305368 0.0237110159659028 50 "300" "Mixed"
0.0145759187925177 0.121364695468853 0.122176582558145 0.028702563259103 0.010740137591772 0.126112612214839 0.126506273062567 0.0298557585058953 1.70470669973433 0.99086779691367 1.97151264365428 0.647244005505592 0.00805268858349477 0.110356460119467 0.110594825987621 0.0324585992979733 90 "300" "Mixed"
0.0215713972989156 0.143523272155828 0.145064316432723 0.0353150618833439 0.0161174759204613 0.149629102531789 0.150420252912268 0.0359250200630823 2.23917664727508 1.26860486916737 2.57325883141653 0.820899793003499 0.0151817843721082 0.141998916123499 0.142737574116942 0.0405596171916986 95 "300" "Mixed"
0.0145292018429761 0.0944110008572871 0.0954757631652439 0.0256072363880012 0.0226856811803845 0.104133329578597 0.106524864277846 0.0283498045269953 2.04423174321736 1.26693112402083 2.40466063687107 0.819309393932811 0.0144425958935979 0.0936519825446961 0.0947127853928037 0.0279828848768059 5 "500" "Mixed"
0.00697958233393951 0.0588914461678523 0.0592743519480858 0.0132998046995004 0.0074489491064304 0.0648868413263282 0.0652807683619072 0.0147726436248676 0.224732178474866 0.0810548679169472 0.238888831391255 0.0161156808487676 0.00898475561386534 0.0573619984916526 0.0580330449444649 0.0183313899180874 50 "500" "Mixed"
0.00797969492848021 0.0945403745935012 0.0948294262188845 0.0212726262793633 0.0106656570620746 0.103874599618321 0.10436905074775 0.0250992945818157 1.7638478743709 0.987690932834873 2.02131570254331 0.646635992152609 0.00715465868472664 0.0835248082826936 0.0837890586291372 0.0231428665777412 90 "500" "Mixed"
0.0153335646591622 0.110772607387675 0.111773960214681 0.0251697842007171 0.0135082799587518 0.122679615804647 0.123360088656283 0.0299649159121049 2.31546164156771 1.26612354991716 2.63871718613091 0.821447302149631 0.0150313844791329 0.107042311806383 0.10803953433673 0.0267993460078011 95 "500" "Mixed"
0.0412818337779507 0.143580857391879 0.149328620655412 0.0341376071965418 0.0964415015009067 0.166707330837617 0.192521443046215 0.0529110710685131 1.77695675429278 1.27519659252022 2.18679572202168 0.72802775544993 0.0138606258315319 0.134968269211835 0.135610966403112 0.0369957966370059 5 "100" "Positive"
0.0454739102351752 0.13884597578193 0.146036992909065 0.0363086683331337 0.0244286577851406 0.158313572933882 0.160108973854997 0.0466620920020124 0.180957299884048 0.299815969813663 0.3500646661988 0.153206499060311 0.00766025583717785 0.131498533039224 0.131655808253063 0.0404228079172914 50 "100" "Positive"
0.0482634056079025 0.245352289860748 0.249933800664587 0.0604533121450615 0.028819779468169 0.283088436346236 0.284410800460809 0.0844307445575654 1.74069100459566 1.01241815971547 2.0134474696579 0.608115431171467 0.00655709820159127 0.255690110687891 0.255646339319982 0.0807224707486518 90 "100" "Positive"
0.0502761305099808 0.291763214101161 0.295919476595567 0.0715410616816522 0.0356841069580961 0.336972719672324 0.338689265668335 0.100313381726834 2.36132736688063 1.27663443659074 2.68403290270147 0.795550269021642 0.0137537267859823 0.329751711370182 0.329873642416177 0.0926825279481796 95 "100" "Positive"
0.0103240730812331 0.0843716034916653 0.0849590218473922 0.0170690033652529 0.0350779408744612 0.0919218955931708 0.0983445330994283 0.022568454171134 1.78003956022699 1.28332565809772 2.1940416258495 0.807260426585037 0.00455441034652732 0.0710415688384986 0.0711519518505055 0.0175918614575137 5 "300" "Positive"
0.00633511814456306 0.0833043245632735 0.0835033209061643 0.0193768892856926 0.00942246090768693 0.0898800804694557 0.0903279204116176 0.02135690126698 0.179933973685466 0.107212142529272 0.209425843554355 0.0351803673594405 0.00271619483057876 0.0719198912251151 0.0719352208409498 0.0232846235251655 50 "300" "Positive"
0.00578761100176526 0.147860038179858 0.147899373699709 0.0331277541421975 0.013341801426235 0.160397823756691 0.160871806322033 0.0383091351888779 1.74485748889883 1.00177109560841 2.01173294431314 0.684963072531502 0.00514103270787056 0.1340356073779 0.134067179870469 0.0362814499457683 90 "300" "Positive"
0.00637732592523885 0.175062488026046 0.175091113781118 0.0393750515946769 0.0149419126969015 0.190061134583887 0.190552807377579 0.0456801929212101 2.36646995838532 1.28291999544309 2.6915456330765 0.89356467338517 0.00601009954756306 0.174321893442477 0.174338336883798 0.0450948247493268 95 "300" "Positive"
0.00614119595789922 0.0701623709459084 0.0703956662462102 0.0148514182755242 0.0195715075625481 0.0708998868034977 0.0735174201334004 0.0151593852601271 1.92101112161942 1.27590216332206 2.30577148334891 0.772701543456461 0.00200608247051262 0.0541951273837382 0.0542051573854921 0.0130032155310565 5 "500" "Positive"
0.00398043732759244 0.0683244940450265 0.0684062287466663 0.0161324997650332 0.00609130906732411 0.0693110462380384 0.0695436636627275 0.0159184834011453 0.178783767196716 0.0813501341954705 0.196404841850544 0.0279795503135145 0.00111428564065377 0.0553692126749413 0.0553527379180073 0.0179525785909964 50 "500" "Positive"
0.00674132381561069 0.120801880804636 0.12092951152766 0.0264076986768665 0.0117518526333378 0.122728087773368 0.123228354631938 0.0260946470903701 1.85881601508606 0.995080249684105 2.10817254904538 0.66014982508841 0.00280967153322002 0.101805621397939 0.101793489073697 0.0261902328743645 90 "500" "Positive"
0.00798441233422651 0.142971331573008 0.143122715494187 0.0312958264627966 0.0135400845100357 0.145267628193056 0.145824946444613 0.0309015883060422 2.51257234991928 1.27554418708669 2.81751766166892 0.861863526233078 0.00449511085750114 0.131772191733626 0.131782975476313 0.030026161292407 95 "500" "Positive"
0.0225996560880887 0.235741493732065 0.236704926586791 0.0653233880330047 0.0706510569667483 0.276457862239776 0.285208857672954 0.0881328561995174 2.09273155740157 1.28370653920763 2.45474641209026 0.779589119654758 0.0193574185810011 0.236070052148225 0.236744693933918 0.0648579251986308 5 "100" "No"
0.0253110682333952 0.165794807744418 0.167633769067719 0.0440546035925667 0.00764216952461402 0.191682072284472 0.191738565691614 0.0584200685775176 0.00815461911395445 0.298440250935633 0.298402437335955 0.160855914952943 0.00511451539528068 0.132650436599265 0.132682705954371 0.0404625635777575 50 "100" "No"
0.0353767314463234 0.208772059271101 0.21164522221725 0.0520219458588845 0.0395344625253904 0.239605200662685 0.242726626597892 0.073597143194689 1.6274988739254 1.0189944029599 1.9199124532902 0.608242274882842 0.00552577227193588 0.188913237780746 0.188899595967268 0.0586510488976796 90 "100" "No"
0.0395126513389629 0.24046367128213 0.243569710853193 0.0637269145231083 0.0448360428146269 0.282044798219858 0.285446999756439 0.0886192203678914 2.08934268102584 1.28539501654866 2.45274151654344 0.781345780422583 0.0120555318858969 0.236413136550866 0.236602231206166 0.0662002590391813 95 "100" "No"
0.0108948354941235 0.135523647748455 0.135893303294873 0.0287198095831029 0.0244540655963551 0.1358929381243 0.138008786189915 0.0292269256100997 2.11693165070365 1.29366410881803 2.48058317203201 0.863278580823421 0.00644780696353077 0.123991860526507 0.12409746858815 0.0297854813507374 5 "300" "No"
0.00281820219404728 0.0965328063964147 0.0965256773696173 0.0229379789076226 0.00328164420611273 0.0967611968118394 0.0967684642223208 0.0230093857511373 0.00388379609376186 0.107421502323049 0.10743799911706 0.0183592575862025 0.00234766009994026 0.0724501806988062 0.0724519921227238 0.0233150169230664 50 "300" "No"
0.00800274786296493 0.122700329725127 0.122899794617804 0.0280597966618339 0.0164209375150115 0.123126736792473 0.124155871019947 0.027631982356599 1.64764531608221 1.00975594976929 1.93218077793565 0.673076779611311 0.00379231702075205 0.0994607304082528 0.0994832957075492 0.0271344886117628 90 "300" "No"
0.00992841001595881 0.137128619997248 0.137419167110605 0.0314933144180481 0.0204242730033403 0.13759745168151 0.139036961194681 0.0308263253552538 2.1150013144912 1.29318987830961 2.47868882306766 0.863795697799156 0.00454532820109417 0.125087943161366 0.125107979518784 0.0324679214186885 95 "300" "No"
0.00527128791734733 0.104904862968722 0.104984816618973 0.0233173723728112 0.0146677471749998 0.104801688939216 0.10577123152208 0.0230486964166158 2.26673477837074 1.28464525830706 2.60513909066802 0.836405693881332 0.00277129230780972 0.0948479889233451 0.0948410508316705 0.0225798561020652 5 "500" "No"
0.0020462624066464 0.0738933626237191 0.0738847480921297 0.0172726416252898 0.002261069562868 0.0737710534700591 0.0737688185978355 0.0171576508325995 0.00235758989043048 0.081648452095398 0.081641665159013 0.0140455479225054 0.0010935773551921 0.0558094176433038 0.0557922245301154 0.0181016737380265 50 "500" "No"
0.00616995451822121 0.0930793838771648 0.0932372043232023 0.0193229052469728 0.0120107418394255 0.0930597818693868 0.0937855042003273 0.019449927437276 1.76681067127214 1.00273916944821 2.03128045927313 0.651697810091926 0.0021971761947673 0.0755553849643992 0.0755495543610437 0.0198462814905305 90 "500" "No"
0.00752275172328016 0.103958725307737 0.104178697172368 0.0214070177458495 0.0147983990138211 0.103932883381975 0.104929666049289 0.0215522993694134 2.26755930620981 1.28523988393453 2.60614944407943 0.836400687775999 0.00343311096548649 0.0945941575170794 0.0946091582915259 0.0218948720973316 95 "500" "No"
