"s0q_B" "s0q_V" "s0q_M" "s0q_SE" "s1q_B" "s1q_V" "s1q_M" "s1q_SE" "lq_B" "lq_V" "lq_M" "lq_SE" "cb_B" "cb_V" "cb_M" "cb_SE" "Qntl" "SS" "Scenario"
0.0535560136619216 0.184868535881428 0.192380991219871 0.0314336366288157 0.0811307187811553 0.206065259883466 0.221365358557875 0.03891975026934 1.91247328857761 1.49665984059197 2.42802486957716 0.0962389650256871 0.0200813562009205 0.201439660164865 0.202337884780674 0.0395598233923001 5 "100" "Mixed"
0.0573388498612049 0.126904043935502 0.139198690490329 0.0214460812436197 0.0258163589888966 0.141391031559814 0.143659029556747 0.0286490359318795 0.22535569871994 0.25500130938864 0.340214392799134 0.0768282226486412 0.0106044875901751 0.135235381676034 0.135583092624618 0.0358455490210918 50 "100" "Mixed"
0.0651213320937092 0.203367077997845 0.213442259495694 0.0317037222360757 0.0460571788434132 0.228952307207743 0.233426655589689 0.0408859701633767 1.65942276549601 1.17611031096807 2.0336017660172 0.104342956910551 0.0126380345748674 0.214813312991891 0.21507750834764 0.0429065319364133 90 "100" "Mixed"
0.0692470010329793 0.240811899166742 0.250454641724953 0.0371912125941874 0.0692720749194962 0.270823192739589 0.279410946255853 0.0473767537389964 2.1825173955843 1.49565593694696 2.64539824545777 0.181356590963288 0.0254938355813626 0.271610651748635 0.272669230845405 0.0492519780842103 95 "100" "Mixed"
0.0216205503951492 0.11299870017849 0.114992981243097 0.0235194375733566 0.028859577441893 0.115189315934161 0.11869366089644 0.0200429223584592 1.94061642103234 1.47693830249656 2.43826936498254 0.0898296207205149 0.0151552577393254 0.106024594069592 0.107049778935874 0.0184206459754886 5 "300" "Mixed"
0.0164307039531956 0.0762637112089475 0.0779763138787154 0.0145663864985905 0.00863243754139689 0.0774816512533215 0.0779225375136521 0.0141949722065656 0.225160832657089 0.104162294707977 0.248065181793065 0.0141621722925873 0.00924463598260673 0.0718367516574761 0.0723935194907673 0.0185552119830259 50 "300" "Mixed"
0.0168117802451721 0.124504877717266 0.125573082568789 0.0187976119289955 0.0131738104168698 0.128694743335535 0.129303224654827 0.0190787967273777 1.66668435675735 1.15098208048111 2.02515968133347 0.102075278290129 0.0076588981143987 0.11450423490159 0.114702952494322 0.0211755297905637 90 "300" "Mixed"
0.0234737875483326 0.147710489887556 0.149491100523955 0.0234562378839191 0.0177846474224317 0.152283226531923 0.153242567799649 0.0222611670378142 2.18708670542404 1.47514480661012 2.63765509597274 0.180635562972595 0.0157699962764337 0.144160778182085 0.144949095956673 0.0225695431029261 95 "300" "Mixed"
0.0144694130365068 0.0861070525725496 0.0872718396268242 0.0141809693845542 0.0220019232871783 0.0941817670899398 0.0966717108324165 0.0171038054155444 1.94986560799291 1.47806425499839 2.44631665104819 0.0897331493590497 0.0146691012774418 0.0815741137712078 0.0828424060117054 0.0137397356038285 5 "500" "Mixed"
0.00751680269673066 0.0594110022786632 0.0598551572326491 0.0107014941788392 0.00639024723810955 0.0643486164792866 0.0646331103856196 0.012332504682872 0.224797164170499 0.0798281112848556 0.238537040819773 0.0102377829720291 0.00903762700901135 0.055501013691686 0.0562046337968492 0.0153606391014727 50 "500" "Mixed"
0.0088360169633302 0.0987055719536322 0.0990511097390394 0.015615779977886 0.0102772790166815 0.105420981293037 0.105868277484224 0.0181917531507556 1.67180689491338 1.1520044116372 2.02995698086118 0.101557001147166 0.00738933701129832 0.0879312364582794 0.0881973511178386 0.0165816120722001 90 "500" "Mixed"
0.0159816438118332 0.115699325353593 0.116740569179346 0.0179640845860653 0.0128642225254262 0.123968643176488 0.124572647429971 0.0212447578740445 2.19337937990201 1.47729507872751 2.644074782048 0.181534956457829 0.0153396414508072 0.111001217864783 0.112001132569885 0.0178775512723305 95 "500" "Mixed"
0.0439214538161259 0.14152205472846 0.148113326841013 0.0208425492579789 0.109039380061383 0.158123382819384 0.19200934246599 0.0313755813083863 1.76274430130186 1.50595211053795 2.31794981378948 0.102556899561692 0.0134373688982828 0.133803506097528 0.134409961493395 0.0234709606683537 5 "100" "Positive"
0.0496527706709386 0.137151803435828 0.145798505492392 0.0229341162633278 0.0311256040888862 0.153767067369052 0.156810299171226 0.0308544618851955 0.17876966330834 0.256046656687519 0.312174507334971 0.0795651294290475 0.00459472438022822 0.130252273196165 0.130268186869342 0.035246064388945 50 "100" "Positive"
0.0557346532443866 0.233035559320547 0.239494504964529 0.032507811877644 0.0395733863340242 0.263699523038262 0.266521957665964 0.0426806409749025 1.73059209741417 1.18358944986886 2.09629008238064 0.0570405437993049 0.0109402407106823 0.244754609946831 0.244876710076607 0.0428275019992135 90 "100" "Positive"
0.0590547905452753 0.274316749729087 0.280467284703752 0.036989363989157 0.0485490417459241 0.310711957304182 0.314328471420951 0.0487181822908401 2.34723183553431 1.50519478885507 2.78798189212014 0.0690572731283102 0.0229411711146427 0.312312861628619 0.312998532819611 0.0488395768335254 95 "100" "Positive"
0.0106653342456556 0.0837127110012019 0.0843478483410165 0.0122779470991119 0.0370253812417966 0.0905052253715218 0.0977439690202458 0.0146835114372857 1.78723926544794 1.48454851221998 2.3229086492603 0.0905514773945054 0.00451205057147662 0.0704175283324024 0.0705267911400186 0.0112893029445815 5 "300" "Positive"
0.0083233500978325 0.0824796912190923 0.0828575568127875 0.0150914956868001 0.0106527250418667 0.0889608631999101 0.0895522288773957 0.0171708749283653 0.179125069765544 0.104534858549379 0.207370199724545 0.00917934066099876 0.00216324186820523 0.0689929085750097 0.068992325860101 0.0180922391936879 50 "300" "Positive"
0.00927282659342052 0.142233935097092 0.142464897830807 0.0195748833772675 0.015814894357503 0.153629573914559 0.154365005162202 0.0222915906598693 1.74329235493043 1.1587977832231 2.09297341714109 0.0486909337786069 0.0043395643883581 0.129878002644082 0.129885561531396 0.0219932185668369 90 "300" "Positive"
0.00973562794295214 0.16731052113331 0.167510000068239 0.0220272990954877 0.0174160518197679 0.180789535614809 0.181536470695613 0.0251776987205545 2.36253698378439 1.48487466097205 2.7900231012999 0.0601023229435223 0.00719870650586206 0.164929591586593 0.165004211419276 0.0232694786236826 95 "300" "Positive"
0.00671609832351052 0.0687238827358771 0.0690170635634939 0.010173552422839 0.0207666506926508 0.0692379918849901 0.0722520546540807 0.0102436768325185 1.80741688515111 1.47925509762763 2.33511525303203 0.0846990198734109 0.00229587680256212 0.0543413378460152 0.0543626624457303 0.00865168956607431 5 "500" "Positive"
0.00418104552675989 0.0683518539182259 0.0684454899889049 0.0131020067111711 0.00600343647646764 0.0692036108001406 0.0694290418885105 0.0132935458313608 0.179318490961478 0.0801227430744875 0.196388277411164 0.00595065405071516 0.00148046626817084 0.0533026167055556 0.0532965248312018 0.0151003712848159 50 "500" "Positive"
0.00528957210800761 0.117117590596438 0.117178466751249 0.0180908930863769 0.0105418520625735 0.118685224850894 0.119093354391497 0.0181179664907048 1.75471785567275 1.15329717306628 2.09947589365776 0.046483409780781 0.00328458408503451 0.0996900347250187 0.0996942998022636 0.01705316747991 90 "500" "Positive"
0.00582367419136819 0.137412144014788 0.137466833841859 0.0205376341054338 0.0118323286256075 0.139273754624666 0.139706068405166 0.0204872071639074 2.37638766715587 1.47888848575995 2.79859650302978 0.0572610873623384 0.004716362763978 0.127087155032888 0.127111124246072 0.0183725811378848 95 "500" "Positive"
0.019689999504658 0.229542306304944 0.23027087699903 0.0391164917604968 0.0790102226612052 0.253428473429013 0.265338237799208 0.0520382453105375 2.09078591570546 1.52908574851316 2.58981676347807 0.0801124720065072 0.0179732696856639 0.226416195411572 0.227015567030766 0.0367322755125017 5 "100" "No"
0.0242473244257616 0.165318170089682 0.167005089761502 0.0319994235680692 0.00979984629854202 0.181356380323353 0.181530392867915 0.0406284005853553 0.00498427212900328 0.257812896905204 0.257732158042994 0.0961020963407597 0.00279139497007335 0.131859529865578 0.13182314124096 0.0358188677605798 50 "100" "No"
0.0398305060486468 0.202938428965459 0.206710645969454 0.0298958396038339 0.0475021723670262 0.222997023290236 0.227891204532988 0.038726414126203 1.62943273265211 1.20099590282777 2.02385765252614 0.0639107195869652 0.010366563989031 0.181973852624243 0.18217802887508 0.0325783726574989 90 "100" "No"
0.0447820518296976 0.22977047800342 0.233981004048268 0.0386392114477817 0.0541517830106812 0.253448762786556 0.259045275359181 0.04465966564355 2.09128035268172 1.52764553605108 2.58936685242658 0.0798215449895407 0.0190299191441544 0.225430215597653 0.226119661119799 0.0358221601421412 95 "100" "No"
0.0108324976422154 0.131804386518125 0.132183081043992 0.0184999150398695 0.0243258194784443 0.132108083912093 0.134264063629802 0.0183893625393706 2.09839153120914 1.51328166872048 2.58669256111483 0.0705901551775175 0.00642869021421374 0.119220736549514 0.119334397795671 0.0174513164395967 5 "300" "No"
0.00335117534732154 0.0951992971887028 0.0952106803633196 0.0185888600345994 0.00294363007958955 0.095463197761465 0.0954608498954582 0.0187285352619566 0.00311500039171294 0.105015684855335 0.105009375767165 0.0162267789316687 0.00193530928815795 0.0697282430085794 0.0697202357083743 0.0183276531715087 50 "300" "No"
0.00984884671201986 0.118708568653083 0.119057264914616 0.0169090381807935 0.0186615575258562 0.119162395120729 0.120555922557909 0.0167997281294819 1.63479388516563 1.1810381658823 2.01643431459998 0.0546756762333136 0.00363677505321365 0.096658252552151 0.0966783383257938 0.0168970606976935 90 "300" "No"
0.0121846419800163 0.131729441862096 0.132226164988731 0.0177189678843636 0.0236502346245667 0.132257174009004 0.134289991118356 0.0175801787904032 2.09825332895987 1.51346365342511 2.58668681724321 0.0700035598988373 0.00575344697497956 0.119111052314055 0.119190425339757 0.0172779948095278 95 "300" "No"
0.00586937512357671 0.10112263772426 0.10124234112659 0.0147920809368177 0.0151293317674347 0.101216973713143 0.102291385617795 0.0147006448119849 2.11367818857066 1.51041899459479 2.59744483262549 0.0655612732015698 0.00359603484779143 0.091994018291633 0.0920183023570116 0.0133138202856697 5 "500" "No"
0.00206121343249024 0.0737503655235823 0.0737422938296702 0.0144230992149454 0.00185244658794544 0.07373500964802 0.0737214104213084 0.0144037995741486 0.0024822473547158 0.0805087947039444 0.0805068066102933 0.0119746934152098 0.00138250959368855 0.0538914200641981 0.0538822067491297 0.015285365316521 50 "500" "No"
0.00523243142623388 0.0913405373185221 0.0914446772781715 0.0137807190053189 0.0116610506374602 0.0912674386385367 0.0919641001274564 0.0136858712990525 1.6469757101998 1.1779113628145 2.02450406111151 0.051992162336596 0.00258455759947503 0.0742323540723318 0.0742402309177034 0.013119687212216 90 "500" "No"
0.00643348402072408 0.101115924537859 0.10126991400014 0.0144984072337794 0.0147290032911352 0.101043122908867 0.102060994079225 0.0144217501493353 2.11384574644693 1.51044139456299 2.59759419713217 0.0664585376504216 0.00365605559629463 0.0917848901728597 0.0918118093738658 0.0136381649271425 95 "500" "No"
