56.324 13.25975 53.039 4.78099999999999 0.00200000000000955 19.648 0 3.96199999999999 31.35 7.002 28.008 6.166 0.0040000000000191 12.844 0 4.16900000000001 14.866 6.34099999999998
54.041 12.7605 51.042 5.72300000000001 0.0029999999999859 17.09 0 4.39500000000004 33.003 7.43275 29.731 8.18900000000002 0.0029999999999859 12.328 0 4.04599999999999 11.861 4.34899999999999
58.052 13.67125 54.685 4.053 0.00200000000000955 15.489 0 4.19300000000004 32.4789999999999 7.261 29.044 6.68700000000001 0.00300000000004275 14.0989999999999 0 3.65000000000009 12.8399999999999 4.12200000000007
58.8249999999999 13.89325 55.573 4.23099999999999 0.00200000000006639 13.728 0 3.97700000000009 35.3580000000001 7.93650000000002 31.7460000000001 6.44299999999998 0.00699999999994816 15.224 0 3.48099999999999 12.001 4.20600000000002
55.7919999999999 13.139 52.556 4.68100000000004 0.00300000000004275 14.807 0 3.42099999999994 31.664 7.102 28.408 7.78899999999999 0.0040000000000191 11.957 0 3.16899999999998 12.477 4.00900000000001
52.365 12.36375 49.4549999999999 4.35500000000002 0.00299999999992906 13.729 0 3.58900000000017 30.7049999999999 6.89525000000003 27.5810000000001 6.55600000000004 0.00399999999990541 14.768 0 4.80499999999984 14.4680000000001 5.15499999999997
55.2380000000001 12.974 51.896 4.31400000000008 0.00399999999990541 14.4780000000001 0 3.95999999999981 32.075 7.19024999999999 28.761 8.32099999999991 0.00300000000015643 16.9069999999999 0 4.92999999999984 13.6600000000001 6.00999999999999
54.346 12.77125 51.0849999999998 3.85799999999995 0.00299999999992906 12.7060000000001 0 3.61899999999991 32.0699999999999 7.15225000000004 28.6090000000002 6.07500000000005 0.000999999999976353 13.9100000000001 0 4.11799999999994 12.9569999999999 5.60100000000011
55.3809999999999 13.1615 52.646 3.92399999999998 0.00100000000020373 18.5049999999999 0 3.94600000000014 37.2049999999999 8.48900000000003 33.9560000000001 7.73500000000013 0.00399999999990541 15.3890000000001 0 4.04499999999985 11.693 4.95799999999986
53.6289999999999 12.634 50.5360000000001 4.61999999999989 0.00200000000018008 14.3149999999998 0 3.81799999999998 33.3109999999999 7.57749999999999 30.3099999999999 6.78700000000003 0.00299999999992906 13.3599999999999 0 3.94200000000001 12.0170000000001 4.20299999999997
58.6280000000002 13.91075 55.643 4.07499999999982 0.00200000000018008 15.8499999999999 0 4.33799999999997 34.7439999999999 7.86975000000001 31.479 6.20499999999993 0.00300000000015643 14.2139999999999 0 3.73800000000006 12.202 4.14799999999991
60.3209999999999 14.2805 57.1219999999998 5.01399999999967 0.00300000000015643 17.018 0 4.82400000000007 36.1619999999998 8.18825000000004 32.7530000000002 5.91800000000012 0.000999999999748979 13.9670000000001 0 4.69000000000005 13.808 3.76999999999998
53.0370000000003 12.48425 49.9369999999999 3.93499999999995 0.00300000000015643 13.7379999999998 0 4.06500000000005 30.7910000000002 6.96124999999995 27.8449999999998 6.90900000000011 0.00199999999995271 14.078 0 4.04600000000028 13.0170000000003 4.23799999999983
54.7579999999998 12.7864999999999 51.1459999999997 4.87199999999984 0.00300000000015643 14.3440000000001 0 5.26999999999998 39.181 8.73625000000004 34.9450000000002 7.51099999999997 0.00500000000010914 15.3899999999999 0 4.72299999999996 12.498 4.61999999999989
62.1549999999997 11.8456 59.2280000000001 3.79800000000023 0.00199999999995271 16.0749999999998 0 3.86999999999989 35.9589999999998 8.21350000000007 32.8540000000003 6.07799999999997 0.00399999999990541 13.6979999999999 0 3.34699999999975 12.0150000000003 4.07099999999991
58.0599999999999 13.73125 54.9250000000002 5 0.00399999999990541 15.6930000000002 0 3.8779999999997 36.9469999999997 6.69120000000003 33.4560000000001 6.55000000000018 0.00300000000015643 13.6099999999997 0 4.27299999999968 12.8690000000001 4.12099999999964
60.625 14.384 57.5360000000001 4.54300000000012 0.00299999999970169 12.5220000000004 0 3.54000000000042 30.8389999999999 6.89750000000004 27.5900000000001 5.75399999999991 0.00199999999995271 11.8210000000004 0 3.92200000000003 12.377 4.12100000000009
58.473 13.7655 55.0619999999999 4.41799999999967 0.00300000000015643 13.6379999999999 0 3.80600000000004 32.857 7.37424999999996 29.4969999999998 5.26299999999992 0.00399999999990541 12.107 0 5.58599999999979 10.933 5.62300000000005
58.1370000000002 13.56925 54.277 4.3119999999999 0.00199999999995271 13.5219999999999 0 3.63599999999997 36.2860000000001 8.19425000000001 32.777 5.97900000000027 0.00299999999970169 12.8600000000001 0 3.93299999999999 10.683 4.38400000000001
49.3519999999999 11.6442499999999 46.5769999999998 3.96900000000005 0.00300000000015643 14.5410000000002 0 4.12100000000009 31.866 6.97925000000009 27.9170000000004 6.95499999999993 0.00399999999990541 16.3920000000003 0 4.26299999999992 13.2539999999999 5.59900000000016
56.5620000000004 13.2605 53.0419999999999 4.16300000000001 0.00299999999970169 12.0599999999999 0 5.34999999999991 35.0799999999999 7.8287499999999 31.3149999999996 6.73900000000003 0.00199999999995271 13.8229999999999 0 4.62400000000025 12.5079999999998 4.47000000000025
51.9110000000001 12.1825 48.73 4.53800000000001 0.00199999999995271 15.056 0 3.62000000000035 32.6500000000001 7.37049999999999 29.482 5.92700000000013 0.000999999999748979 13.2020000000002 0 3.70100000000002 12.7420000000002 4.97499999999991
58.8010000000004 13.8472499999999 55.3889999999997 4.53799999999956 0.00300000000061118 14.9489999999996 0 3.78400000000056 30.6859999999997 6.86374999999998 27.4549999999999 6.92399999999998 0.00399999999990541 13.5360000000001 0 5.28500000000076 13.6849999999995 4.17100000000028
55.8950000000004 13.116 52.4639999999999 4.97800000000007 0.00299999999970169 14.4070000000002 0 3.94899999999961 34.116 7.60100000000011 30.4040000000005 5.94300000000021 0.00200000000040745 13.848 0 3.78100000000086 11.9259999999995 4.07999999999993
48.2129999999997 11.3205 45.2820000000002 4.93900000000031 0.00399999999990541 12.4750000000004 0 3.85900000000038 35.7070000000003 8.01299999999992 32.0519999999997 6.86899999999969 0.00300000000061118 14.1729999999998 0 4.07800000000043 11.3989999999994 3.82700000000023
69.0509999999995 13.2142 66.0709999999999 5.16600000000017 0.00299999999970169 16.6860000000006 0 4.05600000000049 35.9850000000006 8.03824999999983 32.1529999999993 5.89999999999964 0.00199999999949796 12.7330000000002 0 3.72999999999956 11.4750000000004 3.71500000000015
50.0940000000001 11.7819999999999 47.1279999999997 5.29100000000017 0.00299999999970169 13.6480000000001 0 4.01600000000053 37.0360000000001 8.34375 33.375 6.5010000000002 0.00100000000020373 14.8719999999994 0 3.97499999999945 11.9390000000003 3.85800000000017
58.8460000000005 13.9827500000001 55.9310000000005 4.57799999999952 0.00100000000020373 15.4049999999997 0 3.9989999999998 31.3419999999996 7.05749999999989 28.2299999999996 6.0010000000002 0.00300000000061118 13.567 0 3.98599999999988 12.6769999999997 3.86400000000049
56.5940000000001 13.4014999999999 53.6059999999998 4.21399999999994 0.00199999999949796 13.4350000000004 0 4.03099999999995 30.4740000000002 6.87750000000005 27.5100000000002 6.70699999999943 0.00500000000010914 12.6630000000005 0 4.90700000000015 11.9449999999997 4.13500000000022
71.1390000000001 13.5824000000001 67.9120000000003 4.30399999999918 0.00300000000061118 14.3819999999996 0 3.72800000000007 32.4570000000003 7.26700000000005 29.0680000000002 6.50799999999981 0.00299999999970169 12.4409999999998 0 3.82899999999972 14.4459999999999 4.03700000000026
57.6200000000008 13.5207500000001 54.0830000000005 4.73299999999927 0.00300000000061118 13.3639999999996 0 3.71299999999974 32.9310000000005 7.36550000000011 29.4620000000004 6.10199999999986 0.00500000000010914 13.7209999999995 0 3.90800000000036 11.7820000000002 4.1260000000002
51.817 12.1765 48.7060000000001 5.25799999999981 0.00299999999970169 14.0210000000006 0 4.23800000000028 34.634 7.69299999999998 30.7719999999999 5.82499999999982 0.00300000000061118 15.7719999999999 0 3.53600000000006 14.0810000000001 3.65400000000045
65.6280000000006 15.6117499999998 62.4469999999992 5.51399999999921 0.00300000000061118 13.9070000000002 0 4.02099999999973 28.6139999999996 6.38650000000007 25.5460000000003 5.57999999999993 0.00200000000040745 12.2860000000001 0 3.72399999999925 10.7150000000001 4.13799999999992
54.0829999999996 12.7942500000001 51.1770000000006 4.93700000000081 0.00399999999990541 17.7860000000001 0 3.85199999999986 35.598 8.04149999999981 32.1659999999993 6.0590000000002 0.00199999999949796 14.7120000000004 0 4.88400000000001 12.3030000000008 3.78199999999924
57.9989999999998 13.6675 54.6700000000001 4.54100000000017 0.00199999999949796 12.96 0 3.83599999999933 33.8320000000003 7.64574999999991 30.5829999999996 6.95800000000054 0.00199999999949796 14.058 0 4.22099999999955 12.7730000000001 4.16700000000037
65.0990000000002 12.4110000000001 62.0550000000003 3.86199999999917 0.00300000000061118 14.8559999999998 0 3.86200000000008 37.9870000000001 8.40249999999992 33.6099999999997 6.63600000000042 0.00399999999990541 14.5140000000001 0 3.8779999999997 13.6810000000005 3.98399999999947
51.1490000000003 11.9567500000001 47.8270000000002 4.2470000000003 0.00399999999990541 15.232 0 3.59199999999964 39.1679999999997 8.93224999999984 35.7289999999994 7.70399999999972 0.00200000000040745 14.9009999999998 0 3.97999999999956 16.0550000000003 6.0639999999994
71.3329999999996 13.6072 68.0360000000001 3.91800000000057 0.00399999999990541 13.7079999999996 0 3.47499999999945 29.8119999999999 6.65250000000015 26.6100000000006 6.21299999999974 0.00299999999970169 13.1750000000002 0 3.60899999999947 11.5709999999999 4.04100000000017
60.4949999999999 14.27 57.0799999999999 4.77000000000044 0.00199999999949796 13.5140000000001 0 3.91699999999946 32.0339999999997 7.13649999999984 28.5459999999994 7.2480000000005 0.00299999999970169 13.7609999999995 0 3.89000000000033 12.277 4.14899999999943
56.1260000000002 13.1637499999999 52.6549999999997 4.15500000000065 0.000999999999294232 14.1419999999998 0 3.61200000000008 30.6980000000003 6.52299999999991 26.0919999999996 5.72800000000007 0.000999999999294232 12.6850000000004 0 3.78999999999996 15.0299999999997 4.47800000000007
58.3950000000004 13.739 54.9560000000001 4.93299999999999 0.00199999999949796 14.0110000000004 0 3.30599999999959 35.174 7.80074999999988 31.2029999999995 7.39700000000084 0.00299999999970169 14.3009999999995 0 4.79300000000057 16.598 4.89899999999943
51.5500000000002 12.1287500000001 48.5150000000003 4.29899999999998 0.00199999999949796 13.6490000000003 0 3.51700000000073 30.1090000000004 6.779 27.116 6.29399999999987 0.00200000000040745 12.6109999999999 0 4.05599999999959 11.9080000000004 4.80199999999968
57.4229999999998 13.4555 53.8220000000001 5.1279999999997 0.00400000000081491 15.8689999999997 0 4.82600000000002 35.2190000000001 7.86424999999986 31.4569999999994 5.90999999999985 0.00399999999990541 13.1090000000004 0 3.67000000000007 12.5889999999999 4.03200000000015
58.0619999999999 13.7749999999999 55.0999999999995 4.69300000000021 0.00299999999970169 18.3789999999999 0 5.12400000000071 30.4059999999999 6.72274999999991 26.8909999999996 6.55400000000009 0.00299999999970169 12.2160000000003 0 3.9980000000005 11.6419999999998 4.35000000000036
63.3530000000001 14.8729999999998 59.4919999999993 4.45399999999972 0.00200000000040745 15.9269999999997 0 3.98099999999977 31.75 7.14649999999983 28.5859999999993 6.89600000000064 0.00299999999970169 14.0380000000005 0 3.68199999999979 12.7569999999996 4.36400000000049
57.991 13.7420000000002 54.9680000000008 3.87799999999879 0.00200000000040745 16.2880000000005 0 3.61700000000019 31.7870000000003 7.07749999999987 28.3099999999995 5.56899999999951 0.00300000000061118 12.9009999999998 0 4.21000000000095 14.4480000000003 4.65899999999965
50.9510000000009 12.0082499999999 48.0329999999994 3.83300000000054 0.00199999999858846 14.1740000000009 0 3.94200000000092 33.1400000000012 7.5329999999999 30.1319999999996 6.79199999999946 0.00300000000061118 16.3019999999997 0 3.9320000000007 13.380000000001 3.8179999999993
52.3559999999998 12.2239999999997 48.8959999999988 3.79000000000087 0.00200000000040745 13.6959999999999 0 3.88500000000022 39.012999999999 8.76125000000002 35.0450000000001 8.85000000000036 0.00300000000061118 15.7129999999997 0 3.79200000000128 16.1399999999994 4.59499999999935
49.5720000000001 11.6462499999998 46.5849999999991 3.7400000000016 0.000999999998384737 13.1000000000004 0 3.94800000000032 35.5889999999999 8.11249999999973 32.4499999999989 7.57600000000093 0.00299999999879219 15.5370000000003 0 3.64999999999964 12.5529999999999 4.08799999999974
57.5239999999994 13.5135 54.0540000000001 4.44300000000112 0.00299999999879219 15.1110000000008 0 4.77499999999964 31.6319999999996 7.10474999999997 28.4189999999999 5.49200000000019 0.00200000000040745 12.7780000000002 0 3.79600000000028 12.3449999999993 3.78900000000067
57.8719999999994 13.7112499999998 54.8449999999993 4.89600000000064 0.00300000000061118 14.4309999999987 0 4.1359999999986 30.5429999999997 6.76674999999977 27.0669999999991 5.71600000000035 0.00100000000020373 14.259 0 3.68600000000151 11.9749999999985 3.90500000000065
58.5939999999991 13.7325000000001 54.9300000000003 4.18500000000131 0.00499999999919964 13.3989999999994 0 3.83300000000054 31.8339999999989 7.19325000000026 28.773000000001 6.246000000001 0.00299999999879219 12.8170000000009 0 3.98300000000017 12.2579999999998 5.61700000000019
61.1040000000012 14.5149999999999 58.0599999999995 4.22299999999996 0.00100000000020373 15.0900000000001 0 3.95100000000093 33.8590000000004 7.54175000000032 30.1670000000013 5.46700000000055 0.00299999999879219 12.2340000000004 0 4.54700000000048 15.2690000000002 5.35799999999836
68.237000000001 13.0462 65.2309999999998 3.98099999999977 0.00299999999879219 13.8860000000004 0 3.85499999999956 36.3940000000002 8.23374999999987 32.9349999999995 7.21999999999935 0.00499999999919964 16.1890000000003 0 4.19399999999951 13.2710000000006 5.65499999999884
58.1790000000001 13.8010000000004 55.2040000000015 4.83500000000095 0.00299999999879219 16.7350000000006 0 4.3130000000001 42.2220000000016 7.73139999999985 38.6569999999992 5.36899999999878 0.00300000000061118 12.098 0 3.59300000000076 11.1610000000001 4.51000000000022
52.1970000000001 12.2882500000001 49.1530000000002 5.44099999999889 0.00300000000061118 17.3040000000001 0 4.53000000000065 35.2230000000018 7.971 31.884 7.14999999999964 0.00299999999879219 13.2600000000002 0 4.05900000000111 11.6059999999998 4.18299999999908
57.8040000000001 13.6837500000001 54.7350000000006 4.86599999999999 0.00300000000061118 15.4869999999992 0 3.89400000000023 31.0859999999993 6.98724999999968 27.9489999999987 7.09300000000076 0.00399999999899592 14.8820000000014 0 4.0630000000001 11.4680000000008 4.87099999999919
50.4300000000003 11.8800000000001 47.5200000000004 3.55600000000049 0.00200000000040745 13.0819999999985 0 3.64099999999962 31.7469999999994 7.17749999999978 28.7099999999991 5.65200000000004 0.00400000000081491 16.1409999999996 0 3.79299999999967 13.8940000000002 4.54999999999927
49.1710000000003 11.5250000000001 46.1000000000004 3.51200000000063 0.00100000000020373 12.3469999999998 0 3.98099999999977 33.0689999999995 7.49325000000044 29.9730000000018 6.97600000000057 0.00300000000061118 14.6539999999986 0.00100000000020373 3.90400000000045 12.3999999999996 3.82300000000032
47.4660000000003 11.1815000000001 44.7260000000006 4.04299999999967 0.00300000000061118 13.1610000000001 0 3.49699999999939 29.0720000000001 6.46075000000019 25.8430000000008 5.78299999999945 0.00100000000020373 11.5810000000001 0 3.26200000000063 10.4329999999991 3.76800000000003
49.0920000000006 11.5439999999999 46.1759999999995 3.66599999999926 0.00400000000081491 12.857 0 3.61200000000099 31.2890000000007 6.98675000000003 27.9470000000001 5.2489999999998 0.00400000000081491 11.8279999999995 0 3.34699999999975 10.4490000000005 3.86000000000058
57.5249999999996 13.6455000000001 54.5820000000003 4.51800000000003 0.00299999999879219 13.3100000000013 0 3.61199999999917 26.7470000000012 5.98500000000013 23.9400000000005 4.8839999999982 0.00200000000040745 10.643 0 3.32200000000012 9.92799999999988 3.63699999999881
50.6290000000008 11.8914999999997 47.5659999999989 3.69599999999991 0.00100000000020373 12.2780000000002 0 4.19499999999971 30.0310000000009 6.69225000000006 26.7690000000002 6.97599999999875 0.00400000000081491 12.4279999999999 0 3.20199999999932 10.5879999999997 3.71600000000035
52.780999999999 12.48875 49.9549999999999 3.59300000000076 0.00200000000040745 12.6029999999992 0 3.66599999999926 29.0200000000004 6.52399999999989 26.0959999999995 5.20899999999892 0.00500000000101863 13.7939999999999 0 3.45799999999872 11.2570000000014 3.8739999999998
48.0419999999995 11.3097499999999 45.2389999999996 3.51000000000022 0.00100000000020373 11.1099999999988 0 3.18499999999949 28.7000000000007 6.31025 25.241 6.29199999999946 0.00100000000020373 11.4390000000003 0 3.41300000000047 10.2340000000004 3.82999999999993
49.9349999999995 11.7249999999999 46.8999999999996 3.47000000000116 0.00199999999858846 11.3150000000005 0 3.14099999999962 30.4899999999998 6.76625000000013 27.0650000000005 6.29199999999946 0.00200000000040745 10.3199999999997 0 3.80299999999988 10.3400000000001 3.85200000000077
65.4369999999999 12.448 62.2399999999998 3.52399999999943 0.00499999999919964 12.1640000000007 0 3.86599999999999 36.1389999999992 6.62639999999992 33.1319999999996 5.66899999999987 0.00400000000081491 10.9669999999987 0 3.32499999999891 10.8700000000008 3.35499999999956
48.4110000000001 11.3824999999997 45.5299999999988 4.07799999999952 0.00200000000040745 12.7890000000007 0 3.51600000000144 32.8650000000016 7.40374999999995 29.6149999999998 6.6260000000002 0.00399999999899592 11.1540000000005 0 3.59799999999996 11.116 3.72799999999916
49.152 11.5805 46.3220000000001 4.25900000000001 0.00300000000061118 15.3769999999986 0 3.73699999999917 33.0430000000015 7.42650000000003 29.7060000000001 5.5049999999992 0.00400000000081491 12.0149999999994 0 3.04100000000108 10.259 3.8760000000002
50.3520000000008 11.7510000000002 47.0040000000008 3.94099999999889 0.00100000000020373 12.9710000000014 0 3.47999999999956 29.9799999999996 6.71624999999995 26.8649999999998 5.06500000000051 0.00499999999919964 11.4539999999997 0 3.19200000000092 11.7999999999993 3.97999999999956
56.1840000000011 13.27 53.0799999999999 3.49200000000019 0.00100000000020373 12.366 0 3.40799999999945 26.6939999999995 5.92875000000004 23.7150000000001 5.10800000000017 0.00200000000040745 10.4749999999985 0 3.4369999999999 9.67599999999948 3.73600000000079
50.9529999999995 11.9972499999999 47.9889999999996 11.2070000000003 0.00400000000081491 10.5999999999985 0 3.03400000000147 27.6170000000002 6.13499999999976 24.5399999999991 5.46800000000076 0.00399999999899592 10.1139999999996 0 3.39799999999923 11.107 3.65600000000086
49.6049999999996 11.6042499999999 46.4169999999995 3.85399999999936 0.00400000000081491 10.9799999999996 0 3.74300000000039 28.5499999999993 6.34500000000025 25.380000000001 6.27300000000105 0.00300000000061118 11.0669999999991 0 3.63799999999901 11.1630000000005 3.83599999999933
55.7459999999992 13.0902500000002 52.3610000000008 3.65200000000004 0.00400000000081491 10.878999999999 0 3.31600000000071 33.7559999999994 7.63024999999971 30.5209999999988 6.32500000000073 0.00300000000061118 12.2299999999996 0 3.61599999999999 11.3680000000004 3.38700000000063
47.9779999999992 11.2674999999999 45.0699999999997 3.82200000000012 0.00200000000040745 11.723 0 3.53600000000006 30.4170000000013 6.83300000000008 27.3320000000003 6.55400000000009 0.00399999999899592 17.2389999999996 0 4.93499999999949 14.1509999999998 3.73000000000138
50.4470000000001 11.7927500000001 47.1710000000003 4.12700000000041 0.00299999999879219 12.5260000000017 0 4.46199999999953 35.0879999999997 7.95125000000007 31.8050000000003 5.53400000000147 0.00399999999899592 12.3330000000005 0 3.57800000000134 9.95099999999911 3.72700000000077
46.103000000001 10.78325 43.1329999999998 3.58699999999953 0.00399999999899592 11.1860000000015 0 3.40600000000086 28.6170000000002 6.33075000000008 25.3230000000003 5.58599999999933 0.00400000000081491 11.0889999999999 0 3.91300000000047 9.84000000000015 3.65999999999985
58.9269999999997 13.989 55.9560000000001 4.46699999999873 0.00200000000040745 12.6840000000011 0 3.57899999999972 27.9150000000009 6.16874999999982 24.6749999999993 6.1299999999992 0.00300000000061118 10.2459999999992 0 3.37299999999959 9.44499999999971 3.99200000000019
51.902 12.2447499999998 48.9789999999994 3.6770000000015 0.00399999999899592 12.2520000000004 0 3.27700000000004 25.6610000000001 5.69450000000006 22.7780000000002 5.2559999999994 0.00300000000061118 11.1350000000002 0 3.52700000000004 10.5319999999992 4.10000000000036
48.6900000000005 11.4304999999999 45.7219999999998 3.59199999999873 0.00500000000101863 11.8209999999999 0 3.36200000000099 33.3119999999999 7.52549999999974 30.101999999999 6.14400000000023 0.00299999999879219 11.969000000001 0 3.24900000000162 10.2339999999986 4.90500000000065
53.4340000000011 12.4882500000003 49.9530000000013 4.96799999999894 0.00300000000061118 11.9889999999996 0 3.53400000000147 33.4930000000004 7.53450000000021 30.1380000000008 7.05999999999949 0.00400000000081491 11.9849999999988 0 3.35800000000017 9.74499999999898 3.71100000000115
43.7970000000005 10.2449999999999 40.9799999999996 3.42199999999866 0.00400000000081491 11.3770000000004 0 3.23400000000038 27.9799999999996 6.26249999999982 25.0499999999993 5.87199999999939 0.00500000000101863 10.8580000000002 0 3.42000000000007 9.35699999999997 3.68599999999969
66.9329999999991 12.7404000000002 63.7020000000011 4.58500000000095 0.00299999999879219 14.9179999999997 0 3.6299999999992 30.277 6.63374999999996 26.5349999999999 5.68099999999868 0.00400000000081491 13.1859999999997 0 4.05299999999988 12.2179999999989 4.01800000000003
48.643 11.4150000000004 45.6600000000017 3.76900000000023 0.00200000000040745 11.7960000000003 0 3.74499999999898 26.9560000000001 5.94799999999987 23.7919999999995 5.90300000000025 0.00399999999899592 10.9360000000015 0 3.15700000000106 11.2510000000002 3.62299999999959
56.0339999999997 13.1612500000001 52.6450000000004 4.42000000000007 0.00200000000040745 14.4449999999997 0 4.45999999999913 28.5920000000006 6.37474999999995 25.4989999999998 5.3070000000007 0.00200000000040745 14.4599999999991 0 3.22099999999955 12.0450000000001 4.11299999999937
54.1959999999999 12.7577499999998 51.030999999999 3.80099999999948 0.00400000000081491 11.5949999999993 0 4.09100000000035 26.6590000000015 5.91899999999987 23.6759999999995 5.42099999999846 0.00300000000061118 10.7160000000003 0 3.48500000000058 9.76399999999921 3.84699999999975
49.0069999999996 11.5235000000002 46.094000000001 3.95399999999972 0.00200000000040745 11.3649999999998 0 3.503999999999 30.3790000000008 6.83975000000009 27.3590000000004 6.22199999999975 0.00299999999879219 11.1509999999998 0 3.33900000000176 10.5169999999998 3.4369999999999
50.7999999999993 11.9222500000001 47.6890000000003 4.14500000000044 0.00100000000020373 10.9809999999998 0 3.72199999999975 36.2900000000009 8.16225000000031 32.6490000000013 7.79199999999946 0.00300000000061118 13.1080000000002 0 3.37299999999959 9.92900000000009 4.86300000000119
46.4839999999986 10.922 43.6880000000001 4.54800000000068 0.00300000000061118 13.5079999999998 0 3.28600000000006 30.2240000000002 6.7165 26.866 6.51800000000003 0.00400000000081491 11.8619999999992 0 3.16699999999946 11.4410000000007 3.63299999999981
51.2010000000009 11.9835000000003 47.9340000000011 3.67200000000048 0.00199999999858846 12.7380000000012 0 3.44100000000071 35.2130000000016 7.84425000000056 31.3770000000022 6.2559999999994 0.00200000000040745 12.8639999999996 0 3.53199999999924 12.1640000000007 4.15499999999884
50.7060000000001 11.89525 47.5810000000001 3.80899999999929 0.00100000000020373 13.6059999999998 0 4.53900000000067 29.6369999999988 6.56750000000011 26.2700000000004 5.27200000000084 0.00100000000020373 11.2960000000003 0 3.34000000000015 11.3089999999993 3.76000000000022
52.8389999999999 12.4339999999997 49.735999999999 3.55400000000009 0.00100000000020373 12.1539999999986 0 3.06900000000132 26.8109999999997 5.94124999999985 23.7649999999994 5.02599999999984 0.00499999999919964 11.7250000000004 0 3.38699999999881 11.3580000000002 3.37299999999959
56.8220000000001 13.3465000000001 53.3860000000004 3.51300000000083 0.00200000000040745 11.2729999999992 0 3.2489999999998 29.5049999999992 6.59949999999981 26.3979999999992 6.3700000000008 0.00399999999899592 12.4030000000002 0 3.41400000000067 11.2709999999988 3.39000000000124
44.9719999999998 10.5225 42.0900000000001 3.6190000000006 0.00299999999879219 10.8720000000012 0 3.85900000000038 29.3880000000008 6.55699999999979 26.2279999999992 5.08199999999852 0.00500000000101863 11.1980000000003 0 3.40200000000004 10.357 3.68399999999929
51.4790000000012 12.0590000000002 48.2360000000008 4.04600000000028 0.00299999999879219 15.0040000000008 0 5.57099999999991 32.5409999999974 7.29674999999952 29.1869999999981 5.82400000000052 0.00400000000081491 11.8950000000004 0 3.25299999999697 10.6080000000002 3.40200000000186
48.1970000000001 11.2929999999997 45.1719999999987 3.40899999999965 0.00400000000081491 13.2380000000012 0 3.42900000000009 31.0959999999977 7.00975000000017 28.0390000000007 5.3640000000014 0.00400000000081491 13.6110000000008 0 3.41599999999744 10.3640000000014 3.43699999999808
49.8260000000009 11.6737499999999 46.6949999999997 3.75 0.00400000000081491 12.0889999999999 0 3.58400000000256 30.4350000000013 6.75774999999976 27.030999999999 5.66999999999825 0.00400000000081491 15.7740000000013 0 3.42599999999948 11.6860000000015 5.06999999999971
53.0449999999983 12.4854999999998 49.9419999999991 4.02800000000207 0.00100000000020373 11.4699999999975 0 3.68100000000049 31.4350000000013 7.03375000000051 28.135000000002 5.70599999999831 0.00500000000101863 11.7829999999994 0 4.69399999999951 12.2590000000018 3.98799999999756
53.2530000000006 12.4302499999994 49.7209999999977 4.23099999999977 0.00300000000061118 10.9269999999997 0 3.66100000000006 29.5639999999985 6.54174999999941 26.1669999999976 6.72500000000218 0.0029999999969732 12.9880000000012 0 3.44900000000052 12.4579999999987 3.90800000000309
54.4539999999979 12.732 50.9279999999999 4.03499999999985 0.00300000000061118 11.7460000000028 0 3.46700000000055 31.4160000000011 7.04250000000047 28.1700000000019 6.04799999999886 0.00200000000040745 13.5629999999983 0 3.79099999999744 10.3130000000019 4.00300000000061
