51.695 24.0785 48.157 9.941 0.00799999999998136 46.542 0 10.871 44.584 13.748 41.244 12.568 0.00799999999998136 32.934 0 10.396 27.09 11.883
75.4560000000001 23.9823333333334 71.9470000000001 7.61099999999999 0.00499999999999545 29.9509999999999 0 11.1120000000001 45.662 14.0396666666666 42.1189999999999 11.761 0.00900000000001455 30.5650000000001 0 12.564 27.266 13.696
44.395 20.7395 41.479 7.80200000000002 0.00900000000001455 32.2679999999999 0 12.6819999999999 47.628 14.8096666666667 44.429 12.901 0.00600000000008549 29.477 0 9.55599999999993 25.25 12.1120000000001
75.298 24.0476666666667 72.143 7.37100000000009 0.00499999999988177 30.739 0 12.4780000000001 48.4490000000001 15.0123333333333 45.037 13.7069999999999 0.0080000000000382 37.4870000000001 0 10.7370000000001 28.4010000000001 16.6099999999999
44.5899999999999 20.6429999999999 41.2859999999998 9.61599999999999 0.00900000000001455 32.5230000000001 0 10.365 49.204 15.1746666666666 45.5239999999999 13.0410000000002 0.00900000000001455 32.1439999999998 0 10.8150000000001 29.5819999999999 14.52
49.3800000000001 23.1015 46.203 7.44900000000007 0.00799999999981083 30.5550000000001 0 10.6280000000002 44.5520000000001 13.6626666666667 40.9880000000001 11.6079999999999 0.00499999999988177 32.4080000000001 0 11.0120000000002 30.0909999999999 12.7819999999999
44.595 20.8629999999999 41.7259999999999 8.25399999999991 0.00399999999990541 31.1990000000001 0 11.5999999999999 48.5540000000001 14.9003333333333 44.701 13.471 0.00800000000026557 30.8239999999996 0 11.502 26.451 12.9319999999998
47.4070000000002 22.1735000000001 44.3470000000002 8.82900000000018 0.00399999999990541 33.9479999999999 0 10.4400000000001 46.3430000000003 14.2786666666667 42.8360000000002 13.1590000000001 0.00900000000001455 31.6329999999998 0 12.1039999999998 28.1870000000004 15.4959999999996
44.9390000000003 20.9125000000001 41.8250000000003 7.75399999999991 0.00500000000010914 30.1299999999997 0 10.7649999999999 51.2109999999998 15.8106666666667 47.4320000000002 13.7840000000001 0.00900000000001455 30.2979999999998 0 11.518 30.473 14.7660000000001
49.1460000000002 22.8575000000001 45.7150000000001 10.2959999999998 0.00900000000001455 31.752 0 10.8760000000002 42.4340000000002 12.9346666666667 38.8040000000001 11.7719999999999 0.00900000000001455 31.3339999999998 0 9.90300000000025 26.6419999999998 13.0810000000001
46.0849999999996 21.6115 43.223 8.78700000000026 0.00500000000010914 31.6969999999997 0 11.8399999999997 46.71 14.357 43.0709999999999 14.4430000000002 0.00500000000010914 30.3129999999996 0 10.5160000000001 26.1529999999998 12.6310000000003
44.9000000000001 20.9375 41.875 7.61099999999988 0.00500000000010914 31.6239999999998 0 14.1419999999998 47.7379999999998 14.5299999999999 43.5899999999997 11.7429999999999 0.00500000000010914 29.5700000000002 0 10.1990000000001 27.2619999999997 12.3600000000001
43.2190000000001 19.904 39.808 7.91899999999987 0.00900000000001455 28.0239999999999 0 10.4940000000001 44.8440000000001 13.8790000000001 41.6370000000002 12.9830000000002 0.00900000000001455 28.9409999999998 0 10.8650000000002 27.6329999999998 13.3220000000001
45.0759999999991 20.8800000000001 41.7600000000002 9.84700000000066 0.00900000000001455 35.6759999999995 0 11.9459999999999 45.3909999999996 13.8436666666666 41.5309999999999 12.3780000000006 0.00399999999990541 31.0540000000001 0 10.8390000000009 28.3349999999991 12.4930000000004
74.0370000000003 23.5779999999998 70.7339999999995 9.50399999999991 0.0069999999996071 31.1680000000006 0 11.4750000000004 48.5140000000001 15.0116666666666 45.0349999999999 13.1530000000002 0.00799999999981083 34.9250000000002 0 12.2879999999996 27.1640000000007 13.3699999999999
44.5870000000004 20.7339999999999 41.4679999999998 9.57099999999991 0.00799999999981083 33.0540000000001 0 10.549 52.2149999999992 16.157666666667 48.4730000000009 11.4330000000009 0.00899999999910506 30.3370000000004 0 10.1379999999999 25.2350000000006 13.357
49.6379999999999 22.9769999999999 45.9539999999997 7.36599999999999 0.00500000000010914 29.8419999999996 0 11.8859999999995 45.8379999999997 13.9006666666667 41.7020000000002 12.8780000000006 0.00500000000010914 31.4889999999996 0 10.0249999999996 25.4899999999998 12.8430000000008
71.3670000000002 22.5510000000001 67.6530000000002 8.66399999999976 0.00700000000051659 32.2479999999996 0 12.1219999999994 45.5140000000001 14.0473333333333 42.1419999999998 11.701 0.00700000000051659 29.7370000000001 0 9.94599999999991 26.5720000000001 11.4269999999997
47.7659999999996 22.3855000000003 44.7710000000006 7.96700000000055 0.00900000000001455 28.2829999999994 0 11.2029999999995 32.3860000000004 14.5934999999999 29.1869999999999 13.6869999999999 0.00799999999981083 31.8500000000004 0 10.3049999999994 29.3740000000007 12.2219999999998
44.2459999999992 20.3694999999998 40.7389999999996 8.18299999999999 0.00900000000001455 30.8700000000008 0 11.6269999999995 48.0110000000004 14.6233333333333 43.8699999999999 14.4610000000002 0.00799999999981083 34.424 0 12.0329999999994 24.9250000000002 13.9560000000001
52.7709999999997 24.7289999999998 49.4579999999996 8.80599999999959 0.00800000000072032 30.7709999999997 0 10.348 43.7619999999997 13.3420000000002 40.0260000000007 11.5569999999998 0.00800000000072032 32.0729999999994 0 10.9309999999996 30.2370000000001 14.1080000000002
46.7359999999999 21.6794999999997 43.3589999999995 7.38200000000052 0.00500000000010914 34.5569999999998 0 13.9540000000006 50.1099999999997 15.3996666666668 46.1990000000005 12.4740000000002 0.00900000000001455 29.1819999999998 0 10.7930000000006 27.5059999999994 13.1379999999999
47.4780000000001 22.116 44.232 8.73700000000008 0.00900000000001455 29.835 0 10.9059999999999 45.8599999999997 14.0743333333336 42.2230000000009 12.5240000000003 0.00499999999919964 31.741 0 12.6929999999993 27.5130000000008 12.3009999999995
71.3550000000005 22.7859999999998 68.3579999999993 8.89799999999923 0.00700000000051659 30.759 0 12.2910000000002 49.3249999999998 15.3116666666668 45.9350000000004 11.9850000000006 0.00399999999990541 28.2579999999998 0 10.0699999999997 31.3029999999999 16.3000000000002
44.1299999999992 20.5879999999997 41.1759999999995 8.41500000000087 0.00799999999981083 30.3919999999998 0 11.0299999999997 47.0340000000006 14.4506666666666 43.3519999999999 12.4299999999994 0.00799999999981083 31.6240000000007 0 10.9169999999995 27.442 12.0560000000005
49.1860000000006 22.799 45.598 9.11599999999999 0.00500000000010914 29.2609999999995 0 10.1409999999996 46.0619999999999 14.1813333333333 42.5439999999999 11.5839999999998 0.00800000000072032 28.6439999999993 0 13.0250000000005 26.6689999999999 11.7749999999996
71.0069999999996 22.7059999999998 68.1179999999995 7.66200000000026 0.0069999999996071 32.746000000001 0 11.262999999999 47.9470000000001 14.730333333333 44.1909999999989 11.3950000000004 0.00399999999899592 32.0570000000007 0 11.2440000000006 27.7129999999997 12.4069999999992
48.6689999999999 22.7624999999998 45.5249999999996 9.64500000000044 0.00900000000001455 31.8400000000001 0 10.1949999999997 45.271999999999 13.8816666666662 41.6449999999986 13.7200000000012 0.0100000000002183 29.2979999999989 0 11.2759999999998 32.6499999999996 15.8019999999997
44.9470000000001 20.8650000000007 41.7300000000014 8.28200000000106 0.00499999999919964 31.5450000000001 0 13.5590000000011 49.4989999999998 15.2826666666667 45.848 13.9639999999999 0.00499999999919964 31.1410000000014 0 11.3559999999998 27.2720000000008 12.0019999999986
46.7869999999984 21.7335000000003 43.4670000000006 9.72600000000057 0.00799999999981083 32.1329999999998 0 10.4350000000013 45.0239999999994 13.8409999999997 41.5229999999992 12.1200000000008 0.00499999999919964 30.6730000000007 0 10.3369999999995 26.2540000000008 13.2929999999997
71.1939999999995 22.4383333333335 67.3150000000005 8.73800000000119 0.00799999999981083 33.1819999999989 0 10.5389999999989 51.1810000000005 15.7220000000004 47.1660000000011 12.5660000000007 0.00900000000001455 32.2899999999991 0 10.6980000000003 26.5789999999997 12.0339999999997
49.7070000000003 23.1630000000005 46.3260000000009 9.19800000000032 0.00900000000001455 32.5669999999991 0 10.1090000000004 30.4010000000017 13.4050000000007 26.8100000000013 12.5929999999989 0.00900000000001455 30.4300000000003 0 10.8260000000009 28.9279999999999 12.7899999999991
43.1440000000002 19.924 39.848 8.35300000000097 0.0069999999996071 35.1029999999992 0 10.0570000000007 48.9570000000003 15.0173333333332 45.0519999999997 12.9359999999997 0.00900000000001455 29.6859999999997 0 10.3739999999998 27.1450000000004 13.7129999999997
44.7099999999991 20.7199999999993 41.4399999999987 8.30900000000111 0.00799999999981083 30.1659999999993 0 10.1569999999992 43.0210000000006 13.1913333333329 39.5739999999987 10.8860000000004 0.00799999999981083 27.3500000000004 0 10.2139999999999 26.134 12.6170000000002
44.6489999999994 20.7235000000001 41.4470000000001 8.50900000000001 0.00499999999919964 30.0670000000009 0 13.3829999999998 42.9529999999995 13.1800000000003 39.5400000000009 11.2540000000008 0.00499999999919964 27.7669999999998 0 10.4120000000003 24.3889999999992 12.2569999999996
43.491 20.1419999999998 40.2839999999997 9.54000000000087 0.00599999999940337 28.6599999999999 0 10.271999999999 44.601999999999 13.7313333333338 41.1940000000013 11.4620000000014 0.00499999999919964 29.2690000000002 0 10.6799999999985 27.0570000000007 12.5830000000005
41.7420000000002 19.5409999999993 39.0819999999985 7.09699999999975 0.00400000000081491 31.3320000000003 0 10.2019999999993 43.7489999999998 13.4756666666666 40.4269999999997 11.9629999999997 0.00499999999919964 30.2219999999998 0 9.67900000000009 26.5850000000009 12.4500000000007
45.2170000000006 21.1514999999999 42.3029999999999 7.39400000000023 0.00400000000081491 28.8049999999985 0 10.0249999999996 43.1759999999995 13.3176666666665 39.9529999999995 10.4380000000001 0.00799999999981083 28.3860000000004 0 10.473 25.1630000000005 11.9740000000002
44.5500000000011 20.6374999999998 41.2749999999996 7.68900000000031 0.00599999999940337 34.0229999999992 0 10.4580000000005 43.8670000000002 13.5580000000003 40.6740000000009 10.9359999999997 0.00499999999919964 29.3760000000002 0 11.6620000000003 25.1440000000002 12.0609999999997
44.7720000000008 20.8019999999997 41.6039999999994 7.76800000000003 0.00499999999919964 31.8990000000013 0 11.0060000000012 42.732 13.1946666666669 39.5840000000007 11.4269999999997 0.00600000000122236 30.3119999999999 0 11.005000000001 26.9609999999993 13.9089999999997
43.9989999999998 20.4989999999998 40.9979999999996 7.56000000000131 0.00399999999899592 28.9600000000009 0 10.9320000000007 46.0619999999999 14.2849999999999 42.8549999999996 12.0209999999988 0.00500000000101863 30.0329999999994 0 10.2830000000013 27.4969999999994 13.2669999999998
41.4190000000017 19.2064999999993 38.4129999999986 8.14599999999882 0.00799999999981083 30.6229999999996 0 9.87799999999879 45.7389999999996 12.2600000000002 36.7800000000007 11.2260000000006 0.00799999999981083 28.2870000000003 0 9.85399999999936 24.4230000000007 11.5559999999987
43.1220000000012 20.0405000000001 40.0810000000001 8.02799999999843 0.00900000000001455 29.344000000001 0 10.0529999999999 47.4689999999991 14.5423333333335 43.6270000000004 11.5419999999995 0.00500000000101863 31.3989999999994 0 11.1670000000013 25.6729999999989 12.3900000000012
42.7780000000002 19.9080000000004 39.8160000000007 7.3169999999991 0.0100000000002183 29.3420000000006 0 10.2849999999999 41.6689999999999 12.6923333333337 38.0770000000011 12.4979999999996 0.00799999999981083 30.3780000000006 0 12.6779999999999 25.3330000000005 11.7189999999991
39.9279999999999 18.4285 36.857 6.90799999999945 0.00900000000001455 26.723 0 9.55000000000109 43.1409999999996 13.2916666666667 39.875 12.389000000001 0.00900000000001455 27.0409999999993 0 10.0750000000007 27.9740000000002 13.0499999999993
42.0830000000005 19.3859999999995 38.771999999999 7.39599999999882 0.00900000000001455 26.9970000000012 0 9.8179999999993 39.7800000000007 12.1816666666667 36.5450000000001 10.1650000000009 0.00399999999899592 26.5239999999994 0 9.62099999999919 23.5330000000013 11.7729999999992
46.2519999999986 21.3284999999996 42.6569999999992 7.77100000000064 0.00499999999919964 30.4320000000007 0 10.3500000000004 41.6550000000007 12.741 38.223 14.4759999999987 0.00799999999981083 28.2049999999999 0 10.3430000000008 26.6269999999986 12.3029999999999
40.7579999999998 19 38 7.36099999999897 0.0100000000002183 27.6959999999999 0 9.29899999999907 41.4659999999985 12.638666666667 37.9160000000011 12.1530000000002 0.00799999999981083 30.1800000000003 0 9.6309999999994 25.2309999999998 11.746000000001
64.7450000000008 20.5393333333329 61.6179999999986 6.99499999999898 0.0069999999996071 28.2400000000016 0 9.44399999999951 42.5409999999993 13.0649999999999 39.1949999999997 11.0100000000002 0.00400000000081491 29.518 0 10.4570000000003 26.8889999999992 11.9269999999997
43.9009999999998 20.2569999999996 40.5139999999992 7.84799999999996 0.00400000000081491 27.7170000000006 0 9.94900000000052 41.887999999999 12.7966666666671 38.3900000000012 10.9170000000013 0.00399999999899592 26.8850000000002 0 9.61299999999937 26.5709999999999 10.9609999999993
45.719000000001 21.1574999999993 42.3149999999987 8.86899999999878 0.00800000000162981 26.6369999999988 0 9.57699999999932 41.7260000000006 12.730666666667 38.1920000000009 12.9529999999995 0.00399999999899592 27.5780000000013 0 10.6790000000001 28.1509999999998 14.2529999999988
41.762999999999 19.3869999999997 38.7739999999994 6.86100000000079 0.00499999999919964 26.844000000001 0 9.88400000000001 41.9770000000008 12.7989999999997 38.396999999999 10.3209999999999 0.00400000000081491 27.2659999999996 0 9.30499999999847 25.518 13.103000000001
43.2240000000002 19.9479999999994 39.8959999999988 7.23799999999937 0.00900000000001455 28.8590000000004 0 10.9230000000007 42.4979999999996 12.9053333333335 38.7160000000003 11.3959999999988 0.00900000000001455 27.2520000000004 0.00100000000020373 9.70399999999972 24.0959999999995 11.2360000000008
43.3770000000004 20.174 40.348 7.56500000000051 0.00900000000001455 27.9549999999999 0 12.0609999999997 43.4009999999998 13.3249999999995 39.9749999999985 10.6779999999999 0.00799999999981083 27.375 0 11.4140000000007 25.0310000000009 11.5319999999992
42.8610000000008 19.9360000000006 39.8720000000012 8.44099999999889 0.00500000000101863 28.4829999999984 0 9.78100000000086 40.9079999999994 12.5126666666668 37.5380000000005 12.0300000000007 0.00900000000001455 32.4259999999995 0 9.85599999999977 26.9380000000019 11.8989999999976
40.5570000000007 18.8204999999998 37.6409999999996 9.07600000000093 0.00500000000101863 27.8229999999967 0 9.91200000000026 44.4609999999993 13.6536666666664 40.9609999999993 10.5649999999987 0.00700000000142609 27.9500000000007 0 9.02800000000207 24.1549999999988 11.2330000000002
45.3090000000011 20.7399999999998 41.4799999999996 7.75300000000061 0.00799999999799184 29.1630000000005 0 10.5139999999992 43.3249999999971 13.2469999999994 39.7409999999982 11.5689999999995 0.00800000000162981 28.9010000000017 0 10.0169999999998 24.9089999999997 11.492000000002
45.4660000000003 20.9864999999991 41.9729999999981 9.21399999999994 0.00800000000162981 32.5279999999984 0 9.4320000000007 48.6139999999978 14.9933333333332 44.9799999999996 13.4140000000007 0.00799999999799184 26.2090000000026 0 9.42699999999968 24.1779999999999 11.3729999999996
41.268 18.9845000000005 37.969000000001 7.58699999999953 0.00599999999758438 27.9090000000033 0 9.86200000000099 41.6560000000027 12.6453333333338 37.9360000000015 10.5599999999977 0.00800000000162981 27.4019999999982 0 9.85699999999997 24.7649999999994 11.3100000000013
38.3079999999973 17.530999999999 35.0619999999981 8.10399999999936 0.00400000000081491 26.9160000000011 0 9.74500000000262 40.2580000000016 12.1990000000005 36.5970000000016 10.9229999999989 0.00500000000101863 26.2429999999986 0 9.4419999999991 23.0989999999983 11.2740000000013
39.5640000000021 18.2134999999998 36.4269999999997 6.89799999999741 0.00400000000081491 25.1090000000004 0 8.91600000000108 39.0689999999995 11.9123333333324 35.7369999999974 11.6080000000002 0.0100000000020373 25.7639999999992 0 9.35699999999997 23.2050000000017 10.9199999999983
59.1059999999998 18.7566666666668 56.2700000000004 7.55299999999988 0.00400000000081491 27.3950000000004 0 9.86100000000079 40.492000000002 12.352666666667 37.0580000000009 10.7979999999989 0.00500000000101863 25.4909999999982 0 9.4989999999998 23.2700000000004 10.8909999999996
40.8679999999986 18.8335000000006 37.6670000000013 9.37800000000061 0.00500000000101863 27.0370000000003 0 9.43000000000029 40.9939999999988 12.3746666666666 37.1239999999998 10.7870000000003 0.00500000000101863 27.2860000000001 0 11.0800000000017 24.637999999999 13.5190000000002
39.6469999999972 18.1129999999994 36.2259999999987 6.94599999999991 0.00400000000081491 27.9449999999997 0 9.26499999999942 40.5360000000001 12.2726666666664 36.8179999999993 10.7799999999988 0.00500000000101863 27.4229999999989 0 9.18799999999828 24.2260000000024 11.1179999999986
42.4439999999995 19.5110000000004 39.0220000000008 7.37199999999939 0.00500000000101863 27.1059999999998 0 9.29400000000169 39.2510000000002 11.905 35.7150000000001 10.5839999999989 0.00400000000081491 26.6680000000015 0 9.23700000000099 25.2170000000006 11.7860000000001
41.7760000000017 19.1855000000014 38.3710000000028 7.06899999999951 0.00600000000122236 29.1189999999988 0 9.82500000000073 41.9279999999999 12.7213333333336 38.1640000000007 11.0730000000003 0.00600000000122236 25.4279999999999 0 8.66500000000087 22.2179999999971 10.2450000000026
40.0499999999993 18.3915000000015 36.7830000000031 7.75900000000183 0.00600000000122236 27.8709999999992 0 9.36300000000119 40.357 12.2429999999998 36.7289999999994 10.6130000000012 0.00399999999717693 26.2930000000015 0 9.54500000000189 24.7819999999992 12.0339999999997
39.4049999999988 18.116 36.232 6.93600000000151 0.00500000000101863 26.1299999999974 0 9.37700000000041 41.0509999999995 12.3376666666663 37.012999999999 10.6290000000008 0.00599999999758438 26.224000000002 0 9.6160000000018 23.1749999999993 11.0950000000012
61.8309999999983 19.5516666666663 58.6549999999988 7.45600000000195 0.00499999999738066 27.5240000000013 0 9.66200000000026 39.9040000000023 12.1803333333337 36.5410000000011 10.8019999999997 0.00699999999778811 25.9310000000005 0 9.18499999999767 24.2880000000005 11.137999999999
40.6999999999971 18.6759999999995 37.351999999999 7.26900000000023 0.00400000000081491 26.6020000000026 0 9.49399999999878 40.898000000001 12.3606666666674 37.0820000000022 11.1719999999987 0.00500000000101863 25.7979999999989 0 11.0010000000002 23.4669999999969 10.7870000000003
37.0920000000006 17.2635000000009 34.5270000000019 6.48199999999997 0.00500000000101863 25.137999999999 0 8.875 38.8189999999995 11.879333333333 35.637999999999 10.3070000000007 0.00400000000081491 24.757999999998 0 9.0010000000002 22.1670000000013 10.8089999999975
38.7309999999998 17.7729999999992 35.5459999999985 6.64400000000023 0.00800000000162981 25.5969999999979 0 8.70500000000175 37.5590000000011 11.4080000000007 34.224000000002 10.5929999999971 0.00400000000081491 24.9340000000011 0 8.86399999999776 23.4639999999999 10.8950000000004
38.4079999999994 17.7175000000007 35.4350000000013 7.0109999999986 0.00600000000122236 26.8060000000005 0 9.52100000000064 38.8970000000008 11.9440000000007 35.8320000000022 10.1919999999991 0.00600000000122236 24.6879999999983 0 8.53299999999945 22.0380000000005 10.3899999999994
39.8059999999969 18.5465000000004 37.0930000000008 7.1710000000021 0.00400000000081491 27.8859999999986 0 9.33299999999872 41.0689999999995 12.5956666666668 37.7870000000003 11.1800000000003 0.00799999999799184 26.2160000000003 0 9.06299999999828 23.4240000000027 11.012999999999
38.864999999998 18.0259999999998 36.0519999999997 6.95899999999892 0.00700000000142609 29.1290000000008 0 9.18800000000192 40.5950000000012 12.4113333333335 37.2340000000004 10.6519999999982 0.00500000000101863 26.0269999999982 0 9.28700000000026 23.7299999999996 11.2799999999988
41.7599999999984 19.3580000000002 38.7160000000003 6.80600000000049 0.00500000000101863 26.130000000001 0 9.04799999999886 36.8270000000011 11.140333333334 33.4210000000021 9.92599999999948 0.00600000000122236 25.8479999999981 0 9.13099999999758 22.9120000000003 10.9809999999998
38.2090000000026 17.6424999999999 35.2849999999999 6.84399999999732 0.00500000000101863 26.4239999999991 0 8.96600000000035 39.6059999999998 12.1696666666673 36.5090000000018 10.0950000000012 0.00400000000081491 24.9589999999989 0 9.18400000000111 23.1879999999983 11.2170000000006
39.4559999999983 18.0735000000004 36.1470000000008 6.90100000000166 0.00400000000081491 26.1909999999989 0 8.86100000000079 37.75 11.3863333333332 34.1589999999997 10.625 0.00400000000081491 25.762999999999 0 9.15399999999863 22.9639999999999 11.0639999999985
39.7569999999978 18.4694999999992 36.9389999999985 6.72000000000116 0.00400000000081491 26.7969999999987 0 9.19099999999889 40.4069999999992 12.2570000000002 36.7710000000006 10.5809999999983 0.00400000000081491 27.5149999999994 0 9.0679999999993 24.1759999999995 11.2160000000003
41.479000000003 19.246000000001 38.492000000002 7.15799999999945 0.00399999999717693 27.3710000000028 0 9.41200000000026 37.9030000000021 11.5843333333335 34.7530000000006 10.0249999999978 0.00500000000101863 26.6749999999993 0 9.29799999999886 24.1409999999996 11.0270000000019
40.3559999999998 18.6085000000003 37.2170000000006 7.24599999999919 0.00800000000162981 27.0339999999997 0 9.90400000000227 42.2649999999994 12.8483333333328 38.5449999999983 11.0920000000006 0.00400000000081491 25.788999999997 0 9.13600000000224 22.9789999999994 10.9150000000009
39.5099999999984 18.2710000000006 36.5420000000013 6.6730000000025 0.00599999999758438 28.2849999999999 0 9.84899999999834 40.8250000000007 12.4989999999998 37.4969999999994 10.1479999999974 0.00600000000122236 26.5080000000016 0 9.95100000000093 25.1980000000003 10.9709999999977
38.0920000000006 17.5619999999999 35.1239999999998 7.00900000000183 0.00400000000081491 24.9470000000001 0 8.97500000000218 26.7099999999991 11.6329999999998 23.2659999999996 10.732 0.00500000000101863 24.8709999999992 0 9.39800000000105 24.094000000001 10.5869999999995
44.5409999999974 20.6985000000004 41.3970000000008 7.92900000000009 0.00500000000101863 31.1610000000001 0 10.6670000000013 29.3220000000001 12.893 25.7860000000001 11.1720000000023 0.00499999999738066 29.3660000000018 0 10.0410000000011 25.2959999999985 11.6640000000007
43.5630000000019 20.164499999999 40.3289999999979 8.51599999999962 0.00400000000081491 29.5599999999977 0 9.82599999999729 43.2429999999986 13.1806666666671 39.5420000000013 11.7620000000024 0.00499999999738066 28.7880000000005 0 10.0169999999998 26.0239999999976 11.0090000000018
39.8180000000029 18.5249999999996 37.0499999999993 7.35199999999895 0.00500000000101863 28.3819999999978 0 9.67900000000009 27.5720000000001 12.2479999999996 24.4959999999992 10.4850000000006 0.00399999999717693 26.6400000000031 0 9.08400000000256 23.4719999999979 10.5280000000021
41.1749999999993 19.1710000000003 38.3420000000006 6.85900000000038 0.00500000000101863 25.9439999999995 0 9.20700000000215 36.3100000000013 11.2043333333337 33.6130000000012 10.7109999999993 0.00599999999758438 25.107 0 9.26900000000023 22.6630000000005 11.2129999999997
40.8159999999989 18.9390000000003 37.8780000000006 6.83599999999933 0.00500000000101863 26.3199999999997 0 9.21700000000055 37.4259999999995 11.3443333333331 34.0329999999994 9.65400000000227 0.00400000000081491 24.2009999999973 0 9.04799999999886 23.0570000000007 11.1110000000008
39.7560000000012 18.3335000000006 36.6670000000013 6.84499999999753 0.00400000000081491 24.3460000000014 0 8.8760000000002 37.4840000000004 11.3719999999994 34.1159999999982 10.4490000000005 0.00700000000142609 24.780999999999 0 8.96699999999691 22.9200000000019 10.1620000000003
39.5879999999997 18.3739999999998 36.7479999999996 6.82800000000134 0.00500000000101863 27.7619999999988 0 9.46099999999933 29.1280000000006 13.0614999999998 26.1229999999996 10.2649999999994 0.00500000000101863 26.6620000000003 0 9.16200000000026 22.9099999999999 10.9199999999983
39.2429999999986 18.2060000000001 36.4120000000003 6.64700000000084 0.00500000000101863 26.0010000000002 0 9.13699999999881 37.607 11.5330000000007 34.599000000002 10.232 0.00699999999778811 25.2920000000013 0 8.93199999999706 22.5040000000008 10.8719999999994
40.4789999999994 18.7805000000008 37.5610000000015 6.97000000000116 0.00799999999799184 27.5270000000019 0 9.6710000000021 38.2630000000026 11.7546666666676 35.2640000000029 9.78099999999904 0.00699999999778811 25.8410000000003 0 9.32900000000154 22.8619999999974 11.0360000000001
40.9559999999983 19.0209999999988 38.0419999999976 7.0669999999991 0.00800000000162981 26.8309999999983 0 9.09200000000055 39.3060000000005 11.9633333333331 35.8899999999994 10.4579999999987 0.00500000000101863 27.6009999999987 0 9.55899999999747 24.7640000000029 11.4879999999976
38.9179999999978 18.012999999999 36.025999999998 7.0570000000007 0.00600000000122236 27.0699999999997 0 9.22799999999916 28.8919999999998 12.4719999999998 24.9439999999995 10.75 0.00500000000101863 26.8260000000009 0 9.43999999999869 23.7599999999984 11.5950000000012
63.3969999999972 20.1946666666663 60.5839999999989 6.55000000000291 0.00399999999717693 26.7270000000026 0 9.35300000000279 39.5540000000001 12.139666666666 36.4189999999981 10.8430000000008 0.00600000000122236 26.4150000000009 0 11.1949999999997 26.5139999999992 13.1630000000005
42.4110000000001 19.5704999999998 39.1409999999996 8.1339999999982 0.00500000000101863 28.4490000000005 0 9.65699999999924 40.0799999999981 12.278333333333 36.8349999999991 10.1569999999992 0.00800000000162981 26.0479999999989 0 8.83199999999852 23.5550000000003 11.5780000000013
42.6949999999997 19.8000000000011 39.6000000000022 7.29899999999907 0.00500000000101863 26.7609999999986 0 9.06999999999971 40.1579999999994 12.2899999999997 36.869999999999 10.4880000000012 0.00400000000081491 25.8919999999998 0 9.06999999999971 22.4430000000029 10.3819999999978
61.857 19.6716666666665 59.0149999999994 6.98999999999796 0.00500000000101863 29.5820000000022 0 10.0580000000009 40.1330000000016 12.2683333333334 36.8050000000003 10.6229999999996 0.00700000000142609 26.1139999999978 0 9.18000000000029 24.7900000000009 11.2539999999972
38.8000000000029 17.9529999999995 35.905999999999 6.85799999999654 0.00600000000122236 25.3950000000004 0 8.77999999999884 40.1470000000008 12.0289999999998 36.0869999999995 10.5750000000007 0.00699999999778811 27.1840000000011 0 9.51499999999942 23.9749999999985 11.3690000000024
41.0169999999998 18.9344999999994 37.8689999999988 7.43400000000111 0.00799999999799184 27.1229999999996 0 9.40799999999945 26.7170000000006 11.6034999999993 23.2069999999985 10.1470000000008 0.00400000000081491 25.012999999999 0 9.08399999999892 22.7330000000002 10.9549999999981
