52.457 12.143 48.572 4.60300000000001 0.0029999999999859 18.154 0 4.15100000000001 33.991 6.07379999999999 30.369 5.61899999999997 0.0040000000000191 11.427 0 3.16500000000002 9.83100000000002 3.99400000000003
60.9050000000001 11.5316 57.658 4.24799999999993 0.0040000000000191 12.5310000000001 0 3.70900000000006 34.442 6.245 31.225 5.31799999999998 0.0040000000000191 11.471 0 3.13200000000006 10.23 3.87799999999993
62.557 11.879 59.395 3.76999999999998 0.00200000000006639 12.6079999999999 0 3.31000000000006 33.6849999999999 6.0826 30.413 5.14800000000002 0.000999999999976353 11.755 0 3.28300000000002 11.116 3.601
59.1179999999999 11.2524 56.2620000000001 4.02100000000007 0.00199999999995271 11.391 0 3.07299999999998 35.063 6.3192 31.596 5.05899999999997 0.00499999999999545 11.708 0 3.15899999999999 10.6220000000001 3.42399999999998
59.0700000000002 11.1862 55.931 3.923 0.00499999999988177 10.48 0 2.71900000000005 33.0350000000001 5.93420000000001 29.671 5.70299999999997 0.00399999999990541 10.989 0 2.98299999999995 10.095 3.529
45.518 10.575 42.3 3.83699999999999 0.00399999999990541 12.442 0 3.24399999999991 32.8710000000001 5.9232 29.616 4.904 0.00499999999988177 10.931 0 3.07099999999991 10.3700000000001 3.35599999999999
46.721 10.8405 43.3620000000001 3.78600000000006 0.00499999999988177 10.9740000000002 0 3.42200000000003 27.4829999999999 6.03750000000002 24.1500000000001 5.16300000000001 0.00500000000010914 11.6189999999999 0 3.44799999999987 10.0890000000002 3.67499999999995
59.1110000000001 11.1574 55.7869999999998 3.68100000000004 0.00399999999990541 11.931 0 3.14200000000005 34.125 6.12800000000002 30.6400000000001 5.09799999999996 0.00399999999990541 10.8500000000001 0 3.12200000000007 9.98800000000006 3.69899999999984
58.278 10.9928 54.9639999999999 3.67000000000007 0.00399999999990541 11.8690000000001 0 3.26299999999992 34.039 6.14540000000002 30.7270000000001 4.92599999999993 0.00500000000010914 11.4019999999998 0 3.14800000000014 10.1679999999999 3.27800000000002
57.838 10.8632 54.3159999999998 3.69599999999991 0.00400000000013279 10.77 0 3.39499999999998 33.3230000000001 5.96680000000001 29.8340000000001 5.19699999999989 0.00500000000010914 10.8309999999999 0 3.14899999999989 9.95100000000002 3.63200000000006
58.8230000000001 11.1688 55.8440000000001 3.82499999999982 0.00500000000010914 11.701 0 3.42000000000007 34.4639999999999 6.17219999999998 30.8609999999999 5.24300000000039 0.00399999999990541 10.8869999999997 0 3.20299999999997 10.5999999999999 3.72699999999986
60.5989999999997 11.4976000000001 57.4880000000003 4.11900000000014 0.00199999999995271 13.277 0 3.60899999999992 34.6880000000001 6.23739999999998 31.1869999999999 5.27800000000025 0.00499999999965439 11.5120000000002 0 3.16499999999996 11.0570000000002 3.37599999999975
57.8820000000001 10.9418 54.7089999999998 3.66400000000021 0.00499999999965439 10.6670000000004 0 3.19300000000021 38.9699999999998 5.92249999999998 35.5349999999999 4.971 0.00500000000010914 11.0140000000001 0 2.93599999999969 11.1260000000002 3.71500000000015
59.1300000000001 11.163 55.8150000000001 3.58899999999994 0.00399999999990541 11.866 0 3.38299999999981 33.2669999999998 5.94280000000008 29.7140000000004 5.13600000000042 0.00499999999965439 11.6410000000001 0 3.16300000000001 10.1120000000001 4.04100000000017
45.6559999999999 10.60975 42.4389999999999 3.80200000000013 0.00399999999990541 12.261 0 3.6909999999998 33.623 6.03740000000007 30.1870000000004 4.89299999999957 0.00400000000036016 10.5409999999997 0 3.10800000000017 10.2819999999997 3.58800000000019
46.2750000000001 10.7429999999999 42.9719999999998 4.03200000000015 0.00399999999990541 12.585 0 3.46000000000004 33.5 6.06579999999994 30.3289999999997 5.02100000000019 0.00399999999990541 11.4940000000001 0 3.25 10.8960000000002 3.45600000000013
61.8040000000001 11.739 58.6950000000002 3.85599999999977 0.00100000000020373 10.7759999999998 0 3.13900000000012 35.7369999999996 6.41840000000002 32.0920000000001 5.875 0.00200000000040745 10.6109999999999 0 3.01200000000017 11.0740000000001 3.91800000000012
59.4470000000001 11.2255999999999 56.1279999999997 3.95299999999997 0.000999999999748979 12.3820000000001 0 3.28700000000026 35.29 6.3268 31.634 5.50799999999981 0.00399999999990541 12.1010000000001 0 3.20299999999997 10.125 3.83399999999983
57.2559999999999 10.8126 54.0630000000001 3.78700000000026 0.00499999999965439 11.2090000000003 0 3.83500000000004 33.2649999999999 5.95799999999999 29.79 4.90200000000004 0.00399999999990541 11.5540000000001 0 3.2170000000001 9.63900000000012 3.8149999999996
57.9160000000002 10.9424 54.712 3.86699999999973 0.00100000000020373 13.1030000000001 0 3.30099999999993 33.8150000000001 6.0308 30.154 5.10100000000011 0.00399999999990541 11.6959999999999 0 3.33100000000013 10.7040000000002 3.95499999999993
57.8049999999998 10.8856 54.4279999999999 3.88800000000037 0.00199999999995271 11.5569999999998 0 3.58600000000024 33.395 6.01839999999993 30.0919999999996 5.01099999999997 0.00399999999990541 10.623 0 3.26399999999967 10.3389999999999 3.68499999999995
58.5860000000002 11.1004 55.502 3.90200000000004 0.00500000000010914 11.134 0 3.02699999999959 27.4200000000001 6.05525 24.221 5.10100000000011 0.00399999999990541 10.6479999999997 0 2.98300000000017 9.84899999999971 4.04100000000017
58.1969999999997 10.9814 54.9070000000002 3.82300000000032 0.000999999999748979 12.3900000000003 0 3.26699999999983 33.2589999999996 5.94459999999999 29.723 5.0570000000007 0.00500000000010914 11.018 0 3.00399999999991 10.4010000000007 3.62099999999919
58.8220000000001 11.1121999999999 55.5609999999997 3.92099999999937 0.00399999999990541 11.4570000000003 0 3.07200000000012 27.692 6.05725000000007 24.2290000000003 5.11999999999989 0.00399999999990541 10.9849999999997 0 3.1309999999994 9.50399999999991 3.41700000000037
58.5600000000004 11.035 55.1750000000002 3.97299999999996 0.00100000000020373 10.2809999999999 0 3.29800000000068 27.7860000000001 6.06400000000008 24.2560000000003 4.92099999999937 0.00500000000010914 9.91499999999996 0 3.10299999999916 9.53300000000036 3.3730000000005
34.9360000000006 10.4916666666668 31.4750000000004 3.79299999999967 0.00399999999990541 9.76599999999962 0 3.72900000000027 32.1700000000001 5.70779999999995 28.5389999999998 5.48099999999977 0.00399999999990541 10.0349999999999 0 3.01199999999972 9.37400000000071 3.61999999999989
47.1469999999999 10.99 43.96 3.95899999999983 0.00500000000010914 11.5249999999996 0 3.69200000000001 33.6379999999999 6.03140000000003 30.1570000000002 5.29399999999987 0.00399999999990541 11.1019999999999 0 3.26000000000022 9.58199999999943 3.35599999999977
58.3090000000002 10.9504000000001 54.7520000000004 3.49799999999959 0.00500000000010914 10.2200000000003 0 2.97800000000007 27.4800000000005 5.9502500000001 23.8010000000004 5.19499999999971 0.00399999999990541 10.4680000000008 0 3.02099999999973 9.75399999999991 3.375
57.5039999999999 10.8639999999999 54.3199999999997 3.94999999999982 0.00500000000010914 10.3789999999999 0 3.1220000000003 32.0609999999997 5.69799999999996 28.4899999999998 5.14500000000044 0.00399999999990541 9.66199999999935 0 3.15800000000036 9.72599999999966 3.45899999999983
58.0940000000001 10.9442000000001 54.7210000000005 3.70499999999993 0.00400000000081491 11.326 0 2.82799999999952 31.5799999999999 5.68760000000002 28.4380000000001 5.00500000000011 0.00399999999990541 9.63999999999942 0 2.75200000000041 8.99399999999969 3.66600000000017
45.5720000000001 10.55925 42.2370000000001 3.61099999999988 0.00399999999990541 11.8339999999998 0 3.54800000000068 31.9549999999999 5.71819999999989 28.5909999999994 4.84900000000016 0.00399999999990541 10.0320000000002 0 2.82600000000002 9.38300000000072 3.11699999999928
57.9039999999995 10.9153999999999 54.5769999999993 3.53200000000015 0.00399999999990541 9.62100000000009 0 2.89800000000014 28.0230000000001 6.09449999999993 24.3779999999997 5.11300000000028 0.00399999999990541 10.2449999999999 0 2.69999999999982 10.1120000000001 3.75999999999931
46.5279999999993 10.8699999999999 43.4799999999996 3.6220000000003 0.00399999999990541 10.8100000000004 0 3.72500000000036 26.1450000000004 5.7985000000001 23.1940000000004 4.99199999999928 0.00399999999990541 10.1630000000005 0 3.11699999999928 9.15400000000045 3.63900000000012
57.5439999999999 10.9362000000001 54.6810000000005 3.77300000000014 0.00399999999990541 10.3029999999999 0 2.74299999999948 31.5990000000002 5.71539999999986 28.5769999999993 5.54899999999998 0.00399999999990541 9.70100000000002 0 2.79100000000017 9.53400000000056 3.43299999999999
62.1329999999998 11.4066000000001 57.0330000000004 3.69899999999961 0.00500000000010914 10.6329999999998 0 3.03899999999976 33.9639999999999 6.11260000000002 30.5630000000001 5.1880000000001 0.00199999999949796 9.60699999999997 0 2.94700000000012 9.11099999999988 3.59199999999964
58.7200000000003 11.0492 55.2460000000001 3.51000000000022 0.00399999999990541 10.8499999999995 0 2.88299999999981 26.6529999999993 5.76324999999997 23.0529999999999 5.16300000000047 0.00500000000010914 10.5999999999995 0 2.80899999999929 9.54600000000028 3.36499999999978
45.9809999999998 10.6824999999999 42.7299999999996 3.76300000000083 0.000999999999294232 11.0190000000002 0 3.54899999999998 35.567 6.42960000000003 32.1480000000001 5.27400000000034 0.000999999999294232 11.9660000000003 0 3.38699999999972 10.0600000000004 3.83999999999924
45.9609999999993 10.6514999999999 42.6059999999998 3.85300000000007 0.00300000000061118 11.9229999999998 0 3.47900000000027 27.0240000000003 5.90124999999989 23.6049999999996 5.31999999999971 0.00500000000010914 11.0029999999997 0 3.16100000000006 9.49599999999919 3.45300000000043
47.183 11.01875 44.0749999999998 3.8130000000001 0.00399999999990541 11.1639999999998 0 3.77800000000025 33.3329999999996 6.00560000000005 30.0280000000002 5.63700000000063 0.00499999999919964 10.607 0 3.07199999999921 10.826 3.92600000000039
46.7070000000003 10.8409999999999 43.3639999999996 4.34400000000005 0.00199999999949796 11.6729999999998 0 4.23700000000008 27.8050000000003 6.07449999999994 24.2979999999998 5.25699999999961 0.00400000000081491 11.0209999999997 0 2.9989999999998 10.5159999999996 3.81600000000071
46.6630000000005 10.7995000000001 43.1980000000003 4.05299999999988 0.00399999999990541 11.848 0 3.64399999999932 33.9070000000002 6.04539999999997 30.2269999999999 5.08899999999994 0.00100000000020373 11.9570000000003 0 3.11400000000049 9.92999999999938 3.95200000000023
59.9139999999998 11.2604000000001 56.3020000000006 3.91600000000017 0.00399999999990541 11.5689999999995 0 2.84099999999944 35.0450000000001 6.2902 31.451 5.22400000000016 0.00399999999990541 10.634 0 3.21100000000024 9.72600000000057 4.02599999999984
58.6360000000004 11.0369999999999 55.1849999999995 3.95200000000023 0.00500000000010914 11.3819999999996 0 3.5590000000002 33.2460000000001 6.01099999999988 30.0549999999994 5.33100000000013 0.00399999999990541 9.63000000000011 0 2.98300000000017 9.15400000000045 3.65199999999913
61.3339999999998 11.627 58.1350000000002 3.98899999999958 0.00100000000020373 12.25 0 3.20000000000073 34.6639999999998 6.28639999999996 31.4319999999998 5.09799999999996 0.00200000000040745 11.1570000000002 0 3.06900000000041 10.1459999999997 3.55699999999979
46.6580000000004 10.8585 43.4340000000002 3.59199999999964 0.00399999999990541 11.4620000000004 0 3.56299999999919 27.6900000000005 6.10124999999994 24.4049999999997 5.0019999999995 0.00500000000010914 11.0240000000003 0 2.72399999999925 10.8030000000008 3.3799999999992
43.5550000000003 10.1265000000001 40.5060000000003 3.72799999999916 0.00500000000010914 10.2670000000007 0 3.60900000000038 31.5609999999997 5.66419999999998 28.3209999999999 5.07800000000043 0.00399999999990541 10.8310000000001 0 2.98000000000047 9.23199999999997 3.64099999999962
56.7929999999997 10.6860000000001 53.4300000000003 3.69700000000012 0.00200000000040745 12.027 0 3.29899999999998 33.5640000000003 6.01620000000003 30.0810000000001 5.00799999999981 0.00399999999990541 11.174 0 2.85400000000027 10.3869999999997 3.64199999999983
54.9030000000002 10.3498 51.7489999999998 3.48300000000017 0.00399999999990541 11.7619999999997 0 2.94200000000001 33.5599999999995 5.95660000000007 29.7830000000004 5.32499999999982 0.00400000000081491 10.6689999999999 0 3.38599999999951 10.2860000000001 3.63000000000011
45.9449999999997 10.6904999999999 42.7619999999997 4.04399999999987 0.00400000000081491 11.4839999999995 0 3.46500000000015 27.4799999999996 5.96000000000004 23.8400000000001 5.10800000000017 0.00399999999990541 10.3980000000001 0 3.03200000000015 9.98299999999927 3.69599999999991
45.7689999999993 10.595 42.3800000000001 3.85800000000017 0.00400000000081491 11.9549999999999 0 4.11799999999857 32.7060000000001 5.88219999999965 29.4109999999982 4.99099999999999 0.00400000000081491 10.3860000000004 0 3.09599999999955 9.63500000000022 3.61700000000019
58.8040000000001 11.0775999999998 55.387999999999 3.77799999999843 0.00500000000101863 11.0499999999993 0 3.23800000000119 34.1800000000003 6.14880000000012 30.7440000000006 5.22900000000118 0.00399999999899592 11.0100000000002 0 3.10999999999876 10.0390000000007 3.29899999999907
59.241 11.1540000000001 55.7700000000004 3.90999999999985 0.00100000000020373 10.505000000001 0 3.60599999999977 34.5370000000003 6.15519999999997 30.7759999999998 5.63000000000102 0.00200000000040745 10.4039999999986 0 3.26700000000164 9.90899999999965 3.67599999999948
46.6810000000005 10.7467500000007 42.9870000000028 3.75799999999981 0.00399999999899592 11.0460000000003 0 3.52000000000044 32.5130000000008 5.76899999999987 28.8449999999993 5.17799999999988 0.00499999999919964 10.9799999999996 0 3.18900000000031 9.64600000000064 3.6260000000002
70.9939999999988 11.2918333333334 67.7510000000002 3.43000000000029 0.00500000000101863 10.9809999999998 0 2.96100000000115 33.152 5.99040000000023 29.9520000000011 5.05699999999888 0.00400000000081491 10.6740000000009 0 3.07800000000134 9.70799999999872 3.54300000000148
45.1140000000014 10.4555000000005 41.8220000000019 3.5 0.00399999999899592 11.0960000000014 0 3.21299999999974 32.9259999999995 5.89259999999995 29.4629999999997 4.9950000000008 0.00499999999919964 9.79200000000128 0 3.17399999999907 9.04399999999987 3.55099999999948
56.9410000000007 10.7268 53.634 3.75199999999859 0.00400000000081491 10.9490000000005 0 3.5630000000001 26.8400000000001 5.78549999999996 23.1419999999998 5.04299999999967 0.00500000000101863 10.0020000000004 0 3.08399999999892 9.33599999999933 3.61300000000119
58.0789999999997 10.957 54.7849999999999 3.96099999999933 0.00500000000101863 12.2019999999993 0 3.28700000000026 34.4539999999997 6.225 31.125 5.39599999999882 0.00500000000101863 10.7929999999997 0 2.95199999999932 10.1149999999998 3.26900000000023
45.5969999999998 10.5732499999999 42.2929999999997 3.84100000000035 0.00400000000081491 10.2819999999992 0 3.49300000000039 33.2309999999998 5.95580000000009 29.7790000000005 5.1190000000006 0.00400000000081491 11.1980000000003 0 3.0619999999999 9.73300000000017 3.57300000000032
46.6490000000013 10.8107500000001 43.2430000000004 3.6880000000001 0.00499999999919964 12.4099999999999 0 4.18199999999888 34.0930000000008 6.15659999999989 30.7829999999994 5.14999999999964 0.00499999999919964 11.3130000000001 0 2.82099999999991 10.0509999999995 3.67500000000109
57.0339999999997 10.7644 53.8220000000001 3.67300000000068 0.00399999999899592 11.0860000000011 0 3.07099999999991 32.9139999999989 5.91139999999978 29.5569999999989 4.98800000000119 0.00399999999899592 10.5020000000004 0 3.10800000000017 9.85500000000138 3.3119999999999
56.866 10.7121999999999 53.5609999999997 3.56400000000031 0.00200000000040745 10.0159999999996 0 2.81099999999969 33.7970000000005 6.025 30.125 5.21899999999914 0.00500000000101863 9.97899999999936 0 3.14500000000044 9.79399999999987 3.63699999999881
58.5169999999998 11.0436000000002 55.2180000000008 3.61899999999878 0.00400000000081491 12.8099999999995 0 3.07699999999932 27.6720000000005 6.08525000000009 24.3410000000003 4.96099999999933 0.00399999999899592 10.652 0 3.43500000000131 10.5699999999997 3.74300000000039
58.8450000000012 11.1305999999997 55.6529999999984 3.6919999999991 0.00400000000081491 10.8870000000006 0 3.3690000000006 33.4319999999989 6.00339999999997 30.0169999999998 4.82600000000093 0.00399999999899592 10.473 0 2.95600000000013 9.98599999999897 3.24800000000141
58.1589999999997 11.0028000000002 55.014000000001 3.71899999999914 0.00100000000020373 11.3000000000011 0 3.41000000000167 32.9940000000006 5.88480000000018 29.4240000000009 5.1239999999998 0.00499999999919964 11.1890000000003 0 3.27399999999943 9.62300000000141 3.70499999999993
58.1509999999998 10.9465999999997 54.7329999999984 3.83499999999913 0.00500000000101863 10.8169999999991 0 3.20700000000033 33.1119999999992 5.96260000000002 29.8130000000001 5.20600000000013 0.00499999999919964 10.4160000000011 0 3.14799999999923 9.06800000000112 3.64500000000044
58.1260000000002 10.9572 54.7860000000001 3.64899999999943 0.00400000000081491 11.4639999999999 0 3.09599999999955 33.768 6.05119999999988 30.2559999999994 5.3169999999991 0.00500000000101863 10.1689999999999 0 3.16200000000026 9.246000000001 3.628999999999
58.5519999999997 11.0740000000002 55.3700000000008 3.83300000000054 0.00299999999879219 11.603000000001 0 3.1989999999987 33.902 6.12299999999996 30.6149999999998 5.21899999999914 0.00400000000081491 10.2979999999989 0 3.08599999999933 10.0339999999997 3.70400000000154
46.5149999999994 10.8495000000003 43.398000000001 3.80400000000009 0.00300000000061118 12.6190000000006 0 3.77799999999843 33.2849999999999 5.98719999999994 29.9359999999997 5.02599999999984 0.00399999999899592 11.103000000001 0 2.78299999999945 10.4879999999994 3.68600000000151
58.2340000000004 11.0097999999998 55.0489999999991 3.73199999999997 0.00200000000040745 11.1970000000001 0 3.09300000000076 33.3989999999994 5.95980000000018 29.7990000000009 5.16500000000087 0.00399999999899592 10.9300000000003 0 3.12199999999939 9.82499999999891 3.3660000000018
57.7619999999988 10.8763999999999 54.3819999999996 3.53399999999965 0.00300000000061118 10.871000000001 0 3.23700000000099 32.9249999999993 5.88179999999993 29.4089999999997 5.26100000000042 0.00400000000081491 9.99599999999919 0 3.05799999999908 9.3020000000015 3.88699999999881
57.8950000000004 10.9101999999999 54.5509999999995 3.87099999999919 0.00500000000101863 11.0469999999987 0 3.14799999999923 32.7970000000005 5.86239999999998 29.3119999999999 5.10299999999916 0.00200000000040745 9.93399999999929 0 3.01699999999983 9.14900000000125 3.52700000000004
56.7909999999993 10.7474000000002 53.737000000001 3.69200000000092 0.00399999999899592 10.7350000000006 0 3.0669999999991 32.2049999999999 5.72920000000013 28.6460000000006 4.98000000000138 0.00399999999899592 10 0 2.90999999999985 9.16700000000128 3.11599999999999
57.9940000000006 10.9225999999999 54.6129999999994 3.54199999999946 0.00100000000020373 10.0259999999998 0 3.3169999999991 33.0009999999984 5.91839999999975 29.5919999999987 4.89800000000105 0.00399999999899592 10.375 0 2.81400000000031 9.96099999999933 3.17499999999927
57.0660000000007 10.7559999999998 53.7799999999988 3.45299999999952 0.00100000000020373 8.88899999999921 0 2.71100000000115 26.6059999999998 5.79424999999992 23.1769999999997 4.84900000000016 0.00399999999899592 9.4320000000007 0 2.8809999999994 8.29900000000089 3.29999999999927
58.1450000000004 10.9932000000001 54.9660000000003 4.01000000000022 0.00300000000061118 11.4329999999991 0 3.10399999999936 32.2440000000006 5.78580000000002 28.9290000000001 4.99599999999919 0.00499999999919964 11.0720000000001 0 2.8130000000001 10.3709999999992 3.47600000000057
45.273000000001 10.4997499999999 41.9989999999998 3.55099999999948 0.00399999999899592 10.3780000000006 0 3.45499999999993 25.8269999999993 5.58924999999999 22.357 5.01300000000083 0.00399999999899592 10.0910000000003 0 2.93600000000151 9.09599999999955 3.63799999999901
45.5849999999991 10.6410000000001 42.5640000000003 3.871000000001 0.00100000000020373 10.1939999999995 0 3.75900000000001 26.1929999999993 5.75300000000016 23.0120000000006 4.92699999999968 0.00400000000081491 9.70399999999972 0 2.88400000000001 8.83099999999831 3.35600000000159
44.9520000000011 10.4302499999999 41.7209999999995 4.27700000000004 0.00399999999899592 9.58400000000074 0 3.76100000000042 32.134 5.73979999999974 28.6989999999987 5.13800000000083 0.00499999999919964 9.42100000000028 0 2.54900000000089 9.01000000000022 3.13699999999881
57.3100000000013 10.8304 54.152 3.83699999999953 0.00400000000081491 9.43099999999868 0 2.8809999999994 34.0849999999991 6.14979999999996 30.7489999999998 4.91899999999987 0.00200000000040745 9.66599999999926 0 2.82800000000134 9.17099999999846 3.3640000000014
57.6239999999998 10.8651999999998 54.3259999999991 3.91899999999987 0.00399999999899592 11.1470000000008 0 3.09600000000137 27.5910000000003 6.03275000000031 24.1310000000012 5.27100000000064 0.00399999999899592 9.71000000000095 0 2.67100000000028 8.84799999999996 3.39300000000003
57.2459999999992 10.8425999999999 54.2129999999997 8.53299999999945 0.00400000000081491 10.4099999999999 0 2.95900000000074 32.3670000000002 5.75239999999976 28.7619999999988 4.83300000000054 0.00499999999919964 9.32099999999991 0 3.2450000000008 9.1919999999991 3.04100000000108
45.5069999999996 10.5642499999999 42.2569999999996 3.52599999999984 0.00400000000081491 9.13999999999942 0 3.54999999999927 32.2290000000012 5.76260000000002 28.8130000000001 5.15999999999985 0.00399999999899592 9.43500000000131 0 2.82699999999932 8.42300000000068 3.47500000000036
56.9830000000002 10.7561999999998 53.780999999999 3.58500000000095 0.00499999999919964 11.1759999999995 0 3.14099999999962 32.1880000000001 5.80260000000017 29.0130000000008 4.98899999999958 0.00500000000101863 10.0559999999987 0 2.69499999999971 9.4330000000009 3.46899999999914
57.1139999999996 10.7687999999998 53.8439999999991 3.59000000000015 0.00499999999919964 10.3540000000012 0 2.89799999999923 32.0769999999993 5.73040000000001 28.652 4.97899999999936 0.00500000000101863 9.63500000000022 0 2.55999999999949 9.26800000000003 3.37900000000081
57.4869999999992 10.8334000000003 54.1670000000013 3.65999999999985 0.00400000000081491 10.860999999999 0 2.87299999999959 32.7669999999998 5.86779999999999 29.3389999999999 5.12900000000081 0.00299999999879219 10.3410000000003 0 2.8690000000006 8.97099999999955 3.43000000000029
45.5769999999993 10.5072500000001 42.0290000000005 3.55299999999988 0.00400000000081491 9.87199999999939 0 3.31800000000112 27.1899999999987 5.8762499999998 23.5049999999992 5.42900000000009 0.00500000000101863 10.1949999999997 0 3.14700000000084 8.79600000000028 3.48599999999897
44.8500000000004 10.3847500000002 41.5390000000007 3.83400000000074 0.00399999999899592 10.7970000000005 0 3.87800000000061 31.3729999999996 5.60319999999992 28.0159999999996 5.06400000000031 0.00400000000081491 9.9380000000001 0 2.90400000000045 9.15300000000025 3.46899999999914
45.3549999999996 10.5554999999999 42.2219999999998 3.72500000000036 0.00499999999919964 10.4400000000005 0 3.24200000000019 32.0830000000005 5.73960000000006 28.6980000000003 4.84000000000015 0.00100000000020373 9.31400000000031 0 2.88299999999981 8.5510000000013 3.35800000000017
56.8380000000016 10.6984 53.4920000000002 3.51699999999983 0.00200000000040745 10.5379999999986 0 2.95499999999993 26.512999999999 5.78499999999985 23.1399999999994 4.9330000000009 0.00399999999899592 9.70400000000154 0 2.8119999999999 8.7549999999992 3.29900000000089
57.0879999999997 10.7626 53.8130000000001 3.48099999999977 0.00500000000101863 10.8780000000006 0 2.87900000000081 32.0780000000013 5.73299999999981 28.6649999999991 4.94499999999971 0.00399999999899592 10.0650000000005 0 3.17500000000109 9.6919999999991 3.11800000000039
56.2739999999994 10.6516 53.2579999999998 3.38200000000143 0.00299999999879219 10.505000000001 0 2.94800000000032 32.6610000000001 5.76339999999982 28.8169999999991 4.92599999999948 0.00300000000061118 10.4589999999989 0 2.93099999999868 9.70800000000054 3.14799999999923
56.2970000000005 10.6052 53.0259999999998 3.70399999999972 0.00300000000061118 10.1589999999997 0 3.0059999999994 26.7000000000007 5.79149999999981 23.1659999999993 5.23799999999937 0.00399999999899592 9.8130000000001 0 2.7549999999992 9.20499999999993 3.47199999999975
55.875 10.5189999999999 52.5949999999993 3.22400000000016 0.00200000000040745 10.9799999999996 0 2.71100000000115 31.7649999999994 5.73480000000018 28.6740000000009 4.79000000000087 0.00399999999899592 10.4360000000015 0 2.92000000000007 9.05899999999929 3.68400000000111
44.9189999999999 10.4075000000003 41.630000000001 3.80600000000049 0.00399999999899592 10.8730000000014 0 3.68399999999929 31.2810000000009 5.59900000000016 27.9950000000008 5.08699999999953 0.00400000000081491 10.5939999999991 0 2.82400000000052 9.09200000000055 3.3690000000006
45.5640000000003 10.5659999999998 42.2639999999992 3.6880000000001 0.00499999999919964 10.0349999999999 0 3.63400000000001 32.6079999999984 5.86280000000006 29.3140000000003 4.99300000000039 0.00400000000081491 9.9989999999998 0 2.90500000000065 8.66399999999885 3.37300000000141
57.351999999999 10.8111999999997 54.0559999999987 3.8640000000014 0.00399999999899592 11.2420000000002 0 3.31700000000092 31.646999999999 5.65059999999976 28.2529999999988 4.96299999999974 0.00500000000101863 9.87799999999879 0 2.83899999999994 9.46999999999935 3.15999999999985
56.7299999999996 10.6702000000001 53.3510000000006 3.24599999999919 0.00500000000101863 9.77199999999903 0 2.98199999999997 26.5789999999997 5.77075000000013 23.0830000000005 5.04900000000089 0.00100000000020373 9.66100000000006 0.000999999998384737 2.83799999999974 9.23600000000079 3.37099999999919
57.7049999999999 10.8216 54.1080000000002 3.40800000000127 0.00399999999899592 10.4140000000007 0 2.69499999999971 32.2909999999993 5.7619999999999 28.8099999999995 4.80000000000109 0.00399999999899592 10.4099999999999 0 2.96299999999974 8.96800000000076 3.42699999999968
56.7089999999989 10.6705999999998 53.3529999999992 3.51800000000003 0.00500000000101863 10.0509999999995 0 3.03299999999945 26.1720000000005 5.66650000000027 22.6660000000011 5.03399999999965 0.00500000000101863 10.3399999999983 0 2.73199999999997 9.37299999999959 3.51699999999983
56.5699999999997 10.6982 53.491 3.6260000000002 0.00199999999858846 10.5400000000009 0 3.05299999999988 26.0489999999991 5.64249999999993 22.5699999999997 4.97000000000116 0.00399999999899592 10.009 0 2.90399999999863 8.93000000000029 3.73500000000058
