38.779 11.897 35.691 4.49299999999999 0.00400000000000489 19.243 0 4.089 15.768 6.396 12.792 4.99000000000001 0.00399999999999068 11.03 0 3.40000000000001 10.512 3.898
33.268 10.1933333333333 30.58 3.84999999999999 0.00200000000000955 12.751 0 3.47800000000001 21.478 6.10566666666666 18.317 5.07299999999998 0.00499999999999545 11.245 0 3.35699999999997 11.22 3.54399999999998
23.368 10.1105 20.221 3.46600000000001 0.0040000000000191 12.638 0 3.46600000000001 23.392 6.57533333333333 19.726 5.47699999999998 0.00499999999999545 12.92 0 3.60899999999998 12.298 3.49800000000005
34.391 10.5 31.5 3.90699999999998 0.0040000000000191 11.769 0 3.71599999999995 22.213 6.32866666666666 18.986 5.16699999999997 0.0029999999999859 11.834 0 3.52100000000007 11.3630000000001 4.59199999999998
25.24 11.2245 22.449 4.16300000000001 0.00199999999995271 13.181 0 3.57499999999993 23.412 6.72533333333335 20.176 5.375 0.00300000000004275 12.2569999999999 0 3.45400000000006 11.0889999999999 4.87400000000002
35.883 10.9113333333333 32.734 3.57799999999997 0.00200000000006639 13.1719999999999 0 3.65599999999995 24.354 6.93999999999998 20.8199999999999 5.62699999999995 0.0040000000000191 13.107 0 3.80600000000004 11.9530000000001 3.92499999999995
35.5940000000001 10.7813333333333 32.3439999999999 3.84199999999998 0.000999999999976353 13.603 0 3.72400000000005 23.0790000000001 6.56333333333335 19.6900000000001 5.44299999999998 0.0040000000000191 12.534 0 3.35899999999992 11.4860000000001 3.85199999999998
37.72 11.5776666666666 34.7329999999998 3.61699999999996 0.0040000000000191 13.529 0 3.63800000000003 23.588 6.82000000000001 20.46 5.27300000000002 0.00199999999995271 12.893 0 3.74299999999994 11.203 3.72800000000007
33.6780000000001 10.201 30.6030000000001 3.76199999999994 0.00199999999995271 11.713 0 3.28199999999993 23.462 6.71199999999999 20.136 5.34899999999993 0.00199999999995271 12.2660000000001 0 3.81600000000003 10.9969999999998 3.45800000000008
25.482 11.179 22.3579999999999 4.0139999999999 0.00199999999995271 13.701 0 3.53600000000006 23.1030000000001 6.56900000000004 19.7070000000001 5.30899999999997 0.00399999999990541 12.8800000000001 0 3.45500000000015 10.681 3.673
33.3229999999999 10.0983333333334 30.2950000000001 3.63499999999999 0.00199999999995271 13.6320000000001 0 3.72399999999993 22.5609999999999 6.36166666666668 19.085 5.17000000000007 0.00399999999990541 12.3390000000002 0 3.42499999999995 11.53 3.79500000000007
23.893 10.356 20.712 3.67999999999984 0.00199999999995271 12.6400000000001 0 3.60099999999989 17.0350000000001 6.73450000000003 13.4690000000001 5.22799999999984 0.00200000000018008 12.73 0 3.82900000000018 14.318 4.12699999999995
28.2719999999999 12.558 25.116 3.90300000000002 0.00300000000015643 15.3299999999999 0 4.09400000000005 25.317 7.30300000000004 21.9090000000001 6.0150000000001 0.00399999999990541 14.6790000000001 0 3.88100000000009 13.864 3.69599999999991
26.5529999999999 11.588 23.1759999999999 3.85100000000011 0.000999999999976353 15.075 0 4.09099999999989 24.0690000000002 6.88066666666661 20.6419999999998 5.66699999999992 0.00199999999995271 14.4580000000001 0 4.07600000000002 13.538 4.08200000000011
37.4569999999999 11.348 34.0440000000001 3.95100000000002 0.00299999999992906 16.0590000000002 0 3.74299999999994 25.22 7.18333333333332 21.55 5.90699999999993 0.00400000000013279 13.4680000000001 0 3.90100000000007 13.7619999999999 3.61300000000006
38.7259999999999 11.7043333333334 35.1130000000001 3.9380000000001 0.00199999999995271 14.567 0 3.81999999999994 24.981 7.18166666666669 21.5450000000001 5.63500000000022 0.00399999999990541 14.4409999999998 0 3.73800000000028 12.4189999999999 3.97800000000007
34.8179999999998 10.5769999999999 31.7309999999998 3.72900000000027 0.00199999999995271 12.1039999999998 0 3.7489999999998 23.7580000000003 6.8433333333334 20.5300000000002 5.30600000000004 0.000999999999748979 12.7359999999999 0 3.78600000000006 11.3160000000003 3.92200000000003
35.549 10.9030000000001 32.7090000000003 3.88900000000012 0.00199999999995271 12.3029999999999 0 3.48199999999997 15.8449999999998 6.35450000000014 12.7090000000003 5.48500000000013 0.00399999999990541 11.7510000000002 0 3.63999999999987 10.355 3.69000000000005
32.2820000000002 9.79866666666658 29.3959999999997 4.02299999999968 0.00400000000036016 11.0239999999999 0 3.37699999999995 21.933 6.22166666666665 18.665 5.13900000000012 0.00199999999995271 11.4290000000001 0 3.44000000000005 10.732 3.67599999999993
33.7380000000003 10.2489999999999 30.7469999999998 3.58300000000008 0.00499999999965439 13.8650000000002 0 3.57199999999966 24.8430000000003 7.20833333333333 21.625 5.49599999999964 0.00400000000036016 13.9919999999997 0 4.01899999999978 13.9499999999998 4.0630000000001
50.6689999999999 11.8182499999999 47.2729999999997 4.04199999999992 0.00100000000020373 15.4089999999997 0 3.875 24.7000000000003 7.09033333333339 21.2710000000002 6.13400000000001 0.00399999999990541 14.134 0 4.09400000000005 12.1730000000002 4.11299999999983
39.6610000000001 12.0623333333333 36.1869999999999 4.05000000000018 0.00199999999995271 14.634 0 3.95100000000002 25.6570000000002 7.41000000000001 22.23 5.92399999999998 0.00199999999995271 14.348 0 3.59400000000005 14.239 4.24200000000019
38.1969999999997 11.5859999999999 34.7579999999998 3.84100000000035 0.00199999999995271 14.895 0 3.45699999999988 23.6020000000003 6.74233333333329 20.2269999999999 5.59999999999991 0.00500000000010914 12.482 0 3.73900000000003 11.2949999999996 3.85500000000002
23.6900000000001 10.3575000000001 20.7150000000001 3.62100000000009 0.00199999999995271 13.8009999999999 0 3.76700000000028 24.1260000000002 7.05433333333334 21.163 5.62300000000005 0.00500000000010914 13.6609999999996 0 3.84400000000005 12.3320000000003 3.92499999999973
24.8699999999999 11.0805 22.1610000000001 3.81800000000021 0.00500000000010914 12.1859999999997 0 3.75300000000016 30.5360000000001 6.92275000000006 27.6910000000003 5.16699999999992 0.00199999999995271 11.3440000000001 0 3.49600000000009 10.7150000000001 3.85599999999977
33.8000000000002 10.3286666666666 30.9859999999999 3.56500000000005 0.00199999999995271 13.0369999999998 0 3.34700000000021 21.3809999999999 6.10666666666657 18.3199999999997 4.91400000000021 0.00199999999995271 10.9839999999999 0 3.3119999999999 10.6460000000002 3.25700000000006
35.4739999999997 10.8343333333334 32.5030000000002 3.67800000000034 0.000999999999748979 13.0050000000001 0 3.70800000000008 22.4540000000002 6.54666666666662 19.6399999999999 5.54700000000003 0.00399999999990541 13.0219999999999 0 3.47199999999975 11.297 3.38099999999986
24.1459999999997 10.6115 21.223 3.67600000000039 0.00499999999965439 11.3510000000001 0 3.35199999999986 22.1570000000002 6.43266666666659 19.2979999999998 5.00599999999986 0.00500000000010914 11.9769999999999 0 3.43199999999979 11.0149999999999 3.96199999999999
33.7439999999997 10.186 30.558 3.52600000000029 0.00299999999970169 12.0130000000004 0 3.471 22.4870000000001 6.50333333333325 19.5099999999998 5.32499999999982 0.00100000000020373 12.645 0 3.65099999999984 10.9160000000002 3.87300000000005
34.3379999999997 10.5066666666668 31.5200000000004 3.45000000000027 0.000999999999748979 12.8870000000002 0 3.24000000000024 21.2809999999999 6.09799999999996 18.2939999999999 5.2170000000001 0.00199999999995271 11.1109999999999 0 3.42600000000039 10.6639999999998 3.68100000000004
33.1210000000001 10.095 30.2849999999999 3.74299999999994 0.00199999999995271 12.7460000000001 0 3.56700000000001 23.1240000000003 6.6850000000001 20.0550000000003 5.38400000000001 0.00199999999995271 12.1859999999997 0 3.30400000000009 12.569 3.82499999999982
25.1019999999999 11.1034999999999 22.2069999999999 3.76400000000012 0.00300000000015643 12.7509999999997 0 3.67200000000003 30.1160000000004 6.76025000000004 27.0410000000002 5.77799999999934 0.00399999999990541 12.9500000000007 0 3.65899999999965 11.9189999999999 3.54400000000078
33.1840000000002 10.1286666666668 30.3860000000004 3.45499999999993 0.00399999999990541 10.5559999999996 0 3.07000000000062 16.3969999999999 6.35350000000017 12.7070000000003 5.12400000000071 0.00399999999990541 11.4229999999998 0 3.5010000000002 9.82999999999993 3.51999999999953
23.5380000000005 10.2359999999999 20.4719999999998 3.7510000000002 0.00100000000020373 13.0139999999992 0 3.57000000000062 22.3520000000008 6.33700000000014 19.0110000000004 5.20499999999993 0.00399999999990541 12.1279999999997 0 3.50900000000001 11.152 3.90999999999985
36.8630000000003 11.3653333333332 34.0959999999995 4.03200000000015 0.000999999999294232 14.7000000000007 0 3.93599999999969 25.076 7.22866666666687 21.6860000000006 5.64900000000034 0.00199999999949796 14.8040000000001 0 3.92900000000009 12.8029999999999 4.11700000000019
26.4669999999996 11.556 23.1120000000001 4.45799999999963 0.00399999999990541 15.9360000000006 0 4.05999999999949 25.0829999999996 7.19500000000001 21.585 5.52300000000014 0.00299999999970169 14.3890000000001 0 3.98899999999958 12.8699999999999 3.66000000000076
37.0050000000001 11.2163333333331 33.6489999999994 4.01800000000003 0.00200000000040745 14.2209999999995 0 3.94999999999982 24.1400000000003 6.91366666666666 20.741 5.61300000000028 0.00399999999990541 14.366 0 3.98900000000049 13.7340000000004 3.72799999999916
26.8089999999993 11.7620000000002 23.5240000000003 3.89600000000064 0.00299999999970169 13.04 0 3.79500000000007 24.4989999999998 7.04599999999997 21.1379999999999 5.625 0.00100000000020373 13.8360000000002 0 3.94499999999971 12.5740000000005 3.9389999999994
36.875 11.2359999999999 33.7079999999996 3.96499999999924 0.00300000000061118 14.0749999999998 0 3.63899999999921 22.0720000000001 6.28000000000005 18.8400000000001 5.27599999999984 0.00500000000010914 12.0190000000002 0 3.53600000000006 11.8099999999995 4.02800000000025
36.3729999999996 11.168 33.5039999999999 4.31099999999969 0.00200000000040745 14.7259999999997 0 3.94700000000012 23.2049999999999 6.73100000000007 20.1930000000002 5.41400000000067 0.000999999999294232 13.2750000000005 0 3.61299999999937 11.6140000000005 3.62100000000009
23.8069999999998 10.3909999999996 20.7819999999992 4.00200000000041 0.00199999999949796 11.1639999999998 0 3.13000000000011 21.2780000000002 6.00900000000001 18.027 5.26099999999951 0.00500000000010914 11.0479999999998 0 3.65800000000036 11.0050000000001 3.76099999999951
35.5500000000002 10.7716666666665 32.3149999999996 4.12100000000009 0.00100000000020373 13.0229999999992 0 3.65800000000036 23.8470000000007 6.79233333333317 20.3769999999995 5.41799999999967 0.00500000000010914 12.6469999999999 0 3.74099999999999 11.6820000000007 3.48599999999988
33.5619999999999 10.134 30.402 3.55799999999999 0.00399999999990541 11.3020000000006 0 3.38799999999992 22.2449999999999 6.38466666666682 19.1540000000005 4.9989999999998 0.00199999999949796 10.9830000000002 0 3.44300000000021 10.7579999999998 3.37800000000061
34.2640000000001 10.3733333333333 31.1199999999999 3.7529999999997 0.00400000000081491 13.701 0 3.96100000000024 24.4389999999994 7.03733333333306 21.1119999999992 5.65999999999985 0.00200000000040745 13.5469999999996 0 3.82999999999993 12.366 4.03300000000036
38.4009999999998 11.7173333333333 35.152 3.86200000000008 0.00399999999990541 15.3620000000001 0 3.96100000000024 25.1089999999995 7.21600000000005 21.6480000000001 6.58100000000013 0.00200000000040745 14.3980000000001 0 3.86000000000058 13.058 4.11099999999988
36.893 11.2360000000005 33.7080000000014 3.95600000000013 0.00100000000020373 13.0169999999998 0 3.69400000000041 24.7570000000005 7.11433333333328 21.3429999999998 5.62899999999991 0.00299999999970169 13.2610000000004 0 3.75800000000072 12.0849999999991 3.57700000000023
37.7020000000002 11.46 34.3800000000001 3.96599999999944 0.00200000000040745 13.3649999999998 0 3.84299999999985 24.4499999999998 7.02433333333344 21.0730000000003 5.6869999999999 0.00300000000061118 13.3009999999995 0 4.02499999999964 12 4.04100000000017
34.5650000000005 10.46 31.3800000000001 3.63599999999951 0.00399999999990541 13.3530000000001 0 3.48799999999937 22.0689999999995 6.26366666666642 18.7909999999993 5.25200000000041 0.000999999999294232 12.1230000000005 0 3.50600000000031 12.143 3.74199999999928
37.9759999999997 11.7043333333331 35.1129999999994 3.80000000000018 0.00200000000040745 12.2329999999993 0 3.53200000000015 16.5190000000002 6.70949999999993 13.4189999999999 5.15599999999995 0.00500000000010914 12.1279999999997 0 3.5059999999994 10.9340000000002 3.86400000000049
35.3680000000004 10.838 32.5140000000001 3.8149999999996 0.00200000000040745 13.6869999999999 0 3.60199999999986 22.5420000000004 6.5026666666666 19.5079999999998 5.25099999999929 0.00399999999990541 13.0430000000006 0 3.625 11.7880000000005 3.39399999999932
36.0050000000001 11.0783333333332 33.2349999999997 3.92499999999927 0.00300000000061118 12.2629999999999 0 3.59699999999975 23.6880000000001 6.875 20.625 5.61499999999978 0.00200000000040745 12.491 0 3.66299999999956 11.4989999999998 4.18700000000081
25.4099999999999 11.2910000000002 22.5820000000003 3.88699999999972 0.00100000000020373 14.1350000000002 0 3.64300000000003 24.4470000000001 6.84466666666685 20.5340000000006 5.6269999999995 0.00399999999990541 11.9130000000005 0 3.53800000000047 11.0259999999998 3.83699999999953
34.7430000000004 10.6470000000002 31.9410000000007 3.88400000000001 0.00199999999949796 13.0070000000005 0 3.27700000000004 22.7750000000005 6.55266666666709 19.6580000000013 5.55199999999968 0.00199999999949796 11.9130000000005 0.00100000000020373 3.45300000000043 11.2179999999998 3.79700000000048
34.9709999999995 10.6573333333333 31.9719999999998 3.71500000000015 0.00200000000040745 12.8399999999992 0 3.70499999999993 21.9589999999998 6.2520000000001 18.7560000000003 5.39199999999983 0.00399999999990541 12.2539999999999 0 3.47000000000025 13.317 4.3739999999998
37.4949999999999 11.5230000000001 34.5690000000004 3.95600000000013 0.00199999999949796 13.5200000000004 0.000999999999294232 3.83300000000054 22.7919999999995 6.55333333333359 19.6600000000008 5.46700000000055 0.00500000000010914 11.5329999999994 0 3.82000000000062 11.9139999999998 3.92100000000028
34.4780000000001 10.4980000000002 31.4940000000006 3.64000000000033 0.00199999999949796 14.1810000000005 0 3.44400000000041 22.674 6.45000000000012 19.3500000000004 5.85900000000038 0.00100000000020373 12.2419999999993 0 3.47499999999945 11.8270000000002 3.53499999999985
33.0950000000003 10.055 30.165 3.75600000000031 0.00399999999990541 11.9479999999994 0.00100000000020373 3.53499999999985 22.7610000000004 6.47666666666676 19.4300000000003 5.3779999999997 0.00300000000061118 12.7719999999999 0 3.58200000000033 12.0279999999993 3.88799999999992
36.1259999999993 11.0093333333334 33.0280000000002 3.89000000000033 0.00399999999990541 13.0500000000002 0 3.26400000000012 22.6589999999997 6.55533333333339 19.6660000000002 5.41100000000006 0.00500000000010914 12.9279999999999 0 3.65799999999945 11.6590000000006 3.90199999999913
25.6940000000004 11.2824999999998 22.5649999999996 4.05400000000009 0.00199999999949796 13.241 0 3.57699999999932 30.4059999999999 6.76549999999997 27.0619999999999 5.60800000000017 0.00399999999990541 14.1469999999999 0 3.8730000000005 12.2819999999992 3.94100000000071
35.4690000000001 10.8376666666666 32.5129999999999 3.63800000000083 0.000999999999294232 13.1010000000006 0 3.27499999999964 28.9770000000008 6.50125000000003 26.0050000000001 5.36699999999928 0.00200000000040745 12.1669999999995 0 3.76900000000023 11.3939999999993 3.78300000000036
32.1230000000005 9.76633333333333 29.299 3.57799999999952 0.00200000000040745 12.8879999999999 0 3.46299999999974 21.6350000000002 6.14333333333313 18.4299999999994 4.99499999999989 0.00399999999990541 11.7580000000007 0 3.53399999999965 10.6550000000007 3.65899999999965
32.7669999999998 9.8713333333335 29.6140000000005 3.96000000000004 0.00399999999990541 12.1779999999999 0 3.02800000000025 22.8230000000003 6.51233333333342 19.5370000000003 5.06099999999969 0.00299999999970169 11.5740000000005 0 3.42399999999998 11.4989999999998 3.76800000000003
24.0420000000004 10.4785000000002 20.9570000000003 3.58500000000004 0.00199999999949796 12.6330000000007 0 3.54899999999998 23.0360000000001 6.60199999999986 19.8059999999996 5.18599999999969 0.00200000000040745 11.5209999999997 0 3.29100000000017 11.7650000000003 4.32500000000073
36.2180000000008 11.1103333333331 33.3309999999992 4.26399999999921 0.00300000000061118 13.857 0 3.77900000000045 24.2749999999996 6.99599999999979 20.9879999999994 5.625 0.00400000000081491 12.6299999999992 0 3.78200000000106 12.2309999999998 3.9369999999999
35.3729999999996 10.8169999999997 32.4509999999991 3.875 0.00100000000020373 13.3690000000006 0 3.76800000000003 29.5220000000008 6.55499999999984 26.2199999999993 5.33200000000033 0.00199999999858846 12.4750000000004 0 4.13400000000001 11.8819999999996 3.54299999999967
32.7939999999999 9.8113333333331 29.4339999999993 3.76100000000042 0.00499999999919964 11.6530000000002 0 3.38000000000102 21.5099999999984 6.03800000000047 18.1140000000014 5.34800000000178 0.00299999999879219 11.5280000000002 0 3.16300000000047 10.8070000000007 3.40099999999984
23.509 10.393 20.7860000000001 3.875 0.00200000000040745 12.0379999999986 0 3.5719999999983 23.5329999999994 6.4993333333332 19.4979999999996 5.73600000000079 0.00399999999899592 12.4950000000008 0 3.91300000000047 11.3850000000002 3.45299999999952
36.0510000000013 10.8619999999998 32.5859999999993 3.83599999999933 0.00100000000020373 12.8140000000003 0 3.66700000000128 22.7690000000002 6.55666666666669 19.6700000000001 5.50199999999859 0.00200000000040745 12.898000000001 0 3.70800000000054 13.0550000000003 3.97299999999996
23.9479999999985 10.375 20.75 3.81600000000071 0.00200000000040745 12.1849999999995 0 3.53200000000106 21.7669999999998 6.16733333333347 18.5020000000004 5.05400000000009 0.00399999999899592 12.3520000000008 0 3.43599999999969 10.4110000000001 3.68900000000031
32.4860000000008 9.77400000000004 29.3220000000001 3.70399999999972 0.00399999999899592 12.4620000000014 0 3.36000000000058 22.0879999999997 6.21099999999994 18.6329999999998 5.43000000000029 0.00199999999858846 12.4040000000005 0 3.46999999999935 10.8540000000012 3.69099999999889
23.3000000000011 10.0900000000001 20.1800000000003 3.66899999999987 0.00399999999899592 11.8040000000001 0 3.40899999999965 20.8369999999995 6.00533333333321 18.0159999999996 5.47099999999955 0.00400000000081491 11.2459999999992 0 3.1309999999994 11.1910000000007 3.83399999999892
35.9320000000007 11.0506666666667 33.152 3.54899999999907 0.00200000000040745 13.8600000000006 0 3.80099999999948 22.7309999999998 6.61799999999979 19.8539999999994 5.19200000000092 0.00100000000020373 12.2339999999986 0 3.59300000000076 11.2369999999992 3.84500000000116
36.8589999999986 11.2526666666666 33.7579999999998 3.83700000000135 0.00199999999858846 13.3540000000012 0 3.40400000000045 22.8199999999997 6.57833333333353 19.7350000000006 5.12400000000162 0.00499999999919964 11.9969999999994 0 3.84000000000015 12.4639999999999 4.24099999999999
33.8709999999992 10.3423333333333 31.027 3.52000000000044 0.00100000000020373 12.2659999999996 0 3.50799999999981 21.7420000000002 6.30333333333328 18.9099999999999 4.92099999999846 0.00400000000081491 11.3680000000004 0 3.48300000000017 10.777 3.69399999999951
24.6939999999995 10.9690000000001 21.9380000000001 4.23599999999897 0.00200000000040745 13.6010000000006 0 3.65699999999924 22.6329999999998 6.59533333333335 19.7860000000001 5.45299999999952 0.00400000000081491 13.6610000000001 0 3.77200000000084 13.1010000000006 3.44099999999889
32.8730000000014 9.98099999999977 29.9429999999993 3.73199999999997 0.00100000000020373 12.3439999999991 0 3.73600000000079 23.9220000000005 6.99666666666659 20.9899999999998 5.28199999999924 0.00100000000020373 13.7380000000012 0 3.72700000000077 11.5239999999994 3.93900000000031
25.2049999999999 11.0784999999996 22.1569999999992 3.72799999999916 0.00100000000020373 13.0679999999993 0 3.79499999999825 22.8220000000001 6.62166666666659 19.8649999999998 5.23899999999958 0.00400000000081491 11.6819999999989 0 3.621000000001 10.726999999999 3.66899999999987
23.6129999999994 10.4645 20.9290000000001 3.89600000000064 0.00499999999919964 12.4670000000006 0 3.28099999999904 15.6180000000004 6.38400000000001 12.768 5.48099999999977 0.00500000000101863 11.1919999999991 0 3.56399999999849 10.4660000000003 4.22900000000118
33.1270000000004 10.0856666666665 30.2569999999996 3.90300000000025 0.00399999999899592 13.8029999999999 0 3.59399999999914 22.478000000001 6.40800000000005 19.2240000000002 5.1309999999994 0.00300000000061118 12.7829999999994 0 3.46199999999953 11.5240000000013 3.36599999999999
35.6090000000004 10.9190000000005 32.7570000000014 3.5570000000007 0.00299999999879219 12.8380000000016 0 3.54000000000087 23.2939999999999 6.63499999999961 19.9049999999988 5.03200000000106 0.00399999999899592 13.232 0 3.66200000000026 11.6239999999998 3.55400000000009
24.7260000000006 10.9674999999997 21.9349999999995 3.55599999999868 0.00100000000020373 11.3469999999998 0 3.63299999999981 22.862000000001 6.6276666666666 19.8829999999998 5.09900000000016 0.00399999999899592 11.6090000000004 0 3.52099999999882 10.9989999999998 3.72900000000118
35.3829999999998 10.7059999999995 32.1179999999986 3.66399999999885 0.00100000000020373 12.2950000000001 0 3.68499999999949 22.0200000000004 6.29399999999987 18.8819999999996 5.19900000000052 0.00399999999899592 11.7330000000002 0 3.42699999999968 10.3510000000006 3.76599999999962
24.098 10.6914999999999 21.3829999999998 3.93299999999908 0.00200000000040745 13.2389999999996 0 3.63500000000022 22.5500000000011 6.53799999999986 19.6139999999996 5.76000000000022 0.00399999999899592 12.3230000000003 0 3.78600000000006 12.1710000000003 3.49300000000039
34.4329999999991 10.5606666666669 31.6820000000007 3.8020000000015 0.00199999999858846 11.268 0 3.26599999999962 22.7060000000001 6.52366666666664 19.5709999999999 5.16400000000067 0.00200000000040745 11.6409999999996 0 3.24399999999878 11.1490000000013 3.86399999999958
35.7710000000006 10.8939999999996 32.6819999999989 3.74599999999919 0.00100000000020373 12.9580000000005 0 3.4270000000015 22.1509999999998 6.31633333333351 18.9490000000005 5.25299999999879 0.00200000000040745 12.1000000000004 0 3.48700000000099 10.7879999999986 3.71399999999994
23.0060000000012 10.0830000000005 20.1660000000011 3.68999999999869 0.00500000000101863 11.7960000000003 0 3.55600000000049 22.2740000000013 6.38299999999981 19.1489999999994 5.31999999999971 0.00200000000040745 12.1239999999998 0 3.21999999999935 10.9409999999989 3.56500000000051
24.5 10.6270000000004 21.2540000000008 3.67100000000028 0.00199999999858846 11.9400000000005 0 3.48099999999977 22.1380000000008 6.3120000000005 18.9360000000015 5.39799999999923 0.00399999999899592 11.9750000000004 0 3.57999999999993 11.3459999999995 3.95300000000134
35.3490000000002 10.6743333333337 32.023000000001 3.54299999999967 0.00400000000081491 12.2520000000004 0 3.57600000000093 22.9000000000015 6.59766666666656 19.7929999999997 5.45799999999872 0.00400000000081491 11.875 0 3.61499999999978 11.125 3.77599999999984
35.1039999999994 10.6820000000001 32.0460000000003 4.15400000000045 0.00300000000061118 14.351999999999 0 3.61200000000099 22.5849999999991 6.54266666666687 19.6280000000006 5.32600000000093 0.00200000000040745 12.030999999999 0 3.47099999999955 10.634 3.625
34.3150000000005 10.3246666666667 30.9740000000002 3.85100000000057 0.00499999999919964 13.1440000000002 0 3.08500000000095 22.3420000000006 6.35899999999977 19.0769999999993 4.93100000000049 0.00399999999899592 12.2980000000007 0 3.03000000000065 11.6139999999996 3.69599999999991
33.6029999999992 10.2196666666665 30.6589999999997 3.89800000000105 0.00499999999919964 13.6400000000012 0 3.4330000000009 22.1620000000003 6.33800000000034 19.014000000001 5.28399999999965 0.00599999999940337 12.75 0 3.49799999999959 11.2620000000006 3.70999999999913
33.771999999999 10.2536666666668 30.7610000000004 3.94100000000071 0.00399999999899592 13.1370000000006 0 3.42000000000007 22.1579999999994 6.25633333333341 18.7690000000002 5.29200000000128 0.00399999999899592 12.4560000000001 0 3.45399999999972 12.4390000000003 3.47999999999956
35.2329999999984 10.7626666666662 32.2879999999986 3.63900000000103 0.00399999999899592 13.2939999999999 0 3.59100000000035 22.8400000000001 6.54200000000007 19.6260000000002 5.53200000000106 0.00299999999879219 12.3640000000014 0 3.53199999999924 11.7980000000007 3.83799999999974
23.866 10.5295000000006 21.0590000000011 3.94599999999991 0.00400000000081491 15.1059999999998 0 3.48399999999856 23.4310000000005 6.72866666666657 20.1859999999997 5.52499999999964 0.00100000000020373 12.2440000000006 0 3.32800000000134 11.2929999999997 3.61700000000019
23.9099999999999 10.5059999999994 21.0119999999988 3.52100000000064 0.00100000000020373 11.7849999999999 0 3.46999999999935 22.0839999999989 6.29533333333287 18.8859999999986 5.01900000000023 0.00100000000020373 11.8719999999994 0 3.64300000000003 10.9480000000003 3.89600000000064
33.5229999999992 10.1823333333335 30.5470000000005 3.62700000000041 0.00600000000122236 13.1319999999996 0 3.52900000000045 21.402 6.17733333333308 18.5319999999992 5.59199999999873 0.00200000000040745 11.7010000000009 0 3.39700000000084 11.2439999999988 3.70000000000073
33.2720000000008 9.99133333333278 29.9739999999983 3.55899999999929 0.00100000000020373 12.1730000000007 0 3.44800000000032 21.6460000000006 6.11033333333338 18.3310000000001 5.03399999999965 0.00400000000081491 12.5810000000001 0 3.60800000000017 11.1319999999996 3.86599999999999
33.1599999999999 10.0673333333331 30.2019999999993 3.4260000000013 0.00499999999919964 13.0310000000009 0 3.47900000000118 21.7060000000001 6.11366666666678 18.3410000000003 5.15700000000106 0.00399999999899592 11.6630000000005 0 3.35800000000017 10.6939999999995 3.7390000000014
32.259 9.71266666666634 29.137999999999 3.86599999999999 0.00200000000040745 12.5280000000002 0 3.52700000000004 22.2039999999997 6.28199999999985 18.8459999999995 5.00300000000061 0.00200000000040745 11.887999999999 0 3.10200000000077 11.5040000000008 3.76699999999983
43.9419999999991 11.6659999999999 34.9979999999996 3.6929999999993 0.00100000000020373 11.5390000000007 0 3.29500000000007 20.9770000000008 5.94100000000011 17.8230000000003 5.84000000000015 0.00100000000020373 12.366 0 3.83599999999933 12.134 3.85100000000057
