57.966 27.1155 54.231 12.401 0.00600000000000023 48.996 0 13.829 40.015 18.0895 36.179 15.0309999999999 0.00600000000002865 32.181 0 13.62 27.358 15.971
51.859 24.295 48.59 10.446 0.00599999999997181 31.177 0 13.069 40.629 18.3885 36.7769999999999 15.429 0.00599999999997181 30.693 0 13.482 27.557 16.3
51.045 23.8675 47.735 10.827 0.00700000000006185 31.1279999999999 0 13.413 41.3099999999999 18.715 37.4299999999999 15.952 0.00599999999997181 29.5100000000001 0 12.965 26.9400000000001 16.784
51.3409999999999 24.0454999999999 48.0909999999999 10.3779999999999 0.00700000000006185 30.0910000000001 0 13.242 38.2860000000001 17.3775000000001 34.7550000000001 15.2160000000001 0.00999999999999091 30.7869999999998 0 13.577 26.0050000000001 16.655
49.4460000000001 23.155 46.3099999999999 10.6600000000001 0.00599999999985812 30.884 0 13.0309999999999 37.893 17.1814999999999 34.3629999999998 15.4479999999999 0.00600000000008549 31.529 0 13.059 25.4369999999999 15.712
48.8589999999999 22.7925 45.585 10.3700000000001 0.0080000000000382 33.3399999999999 0 13.577 37.3590000000002 16.7795000000001 33.5590000000002 15.056 0.00599999999985812 31.3679999999999 0 13.433 26.5790000000002 15.617
48.366 22.649 45.298 10.241 0.00600000000008549 33.002 0 13.8109999999999 39.8789999999999 18.0870000000001 36.1740000000002 15.6669999999999 0.00700000000006185 32.1559999999999 0 13.7550000000001 26.9569999999999 16.904
48.0360000000001 22.3525 44.7049999999999 10.4809999999998 0.00800000000026557 31.4549999999999 0 14.1130000000003 41.6590000000001 18.8425 37.6849999999999 16.8250000000003 0.0069999999996071 31.645 0 14.0120000000002 26.971 15.6189999999997
49.2509999999997 23.0484999999999 46.0969999999998 10.402 0.00599999999985812 30.3690000000001 0 13.1379999999999 38.7129999999997 17.5070000000001 35.0140000000001 15.4450000000002 0.00900000000001455 30.5079999999998 0 14.3910000000001 31.6210000000001 18.181
55.509 25.9409999999998 51.8819999999996 11.6889999999999 0.00700000000006185 36.8240000000001 0 15.317 43.5119999999997 19.7805000000001 39.5610000000001 16.9400000000001 0.00700000000006185 36.4870000000001 0 15.2469999999998 31.9120000000003 17.8969999999999
52.4779999999996 24.5645 49.1289999999999 11.3380000000002 0.00700000000006185 31.29 0 13.2069999999999 39.1110000000003 17.7530000000002 35.5060000000003 15.8669999999997 0.00700000000006185 33.0329999999999 0 14.029 27.761 17.6770000000001
48.8020000000001 22.8099999999999 45.6199999999999 9.92999999999984 0.00700000000006185 30.4490000000001 0 13.0900000000001 37.4790000000003 16.8129999999999 33.6259999999997 15.3509999999997 0.00600000000031287 31.933 0 13.7129999999997 28.0830000000001 17.221
45.3110000000001 21.0104999999999 42.0209999999997 10.2199999999998 0.00700000000006185 30.2760000000003 0 13.25 40.8229999999999 18.4639999999999 36.9279999999999 16.4059999999999 0.01299999999992 30.3020000000001 0 12.819 24.7290000000003 15.828
46.8650000000002 21.7025000000001 43.4050000000002 10.1199999999999 0.00900000000001455 31.933 0 13.5370000000003 37.5360000000001 16.7955000000002 33.5910000000003 15.1099999999997 0.00800000000072032 29.3819999999996 0 12.9340000000002 26.2510000000002 14.3249999999998
49.4539999999997 23.0395000000003 46.0790000000006 10.3829999999998 0.00700000000051659 30.567 0 13.2330000000002 38.3239999999996 17.2719999999999 34.5439999999999 15.4610000000002 0.00700000000051659 30.4589999999998 0.00100000000020373 13.4409999999998 26.4160000000002 16.3860000000004
49.3760000000002 22.9845 45.9690000000001 10.3620000000001 0.0069999999996071 30.3630000000003 0 13.3419999999996 38.0390000000007 17.0785000000001 34.1570000000002 14.8969999999999 0.00599999999940337 28.9370000000008 0 12.9310000000005 26.076 16.6219999999994
49.6010000000006 23.2055 46.4110000000001 10.3279999999995 0.00700000000051659 29.0779999999995 0 12.9989999999998 36.8609999999999 16.5239999999999 33.0479999999998 15.1949999999997 0.0069999999996071 29.3440000000001 0 12.5109999999995 25.8100000000004 15.1760000000004
51.5380000000005 24.0260000000003 48.0520000000006 11.1689999999999 0.0069999999996071 35.0810000000001 0 14.2310000000007 42.9340000000002 19.1224999999999 38.2449999999999 18.0810000000001 0.0069999999996071 32.9830000000002 0 14.2149999999992 28.1720000000005 16.9610000000002
51.9179999999997 24.0554999999999 48.1109999999999 10.9009999999998 0.0100000000002183 33.4859999999999 0 13.3609999999999 36.8230000000003 16.4499999999998 32.8999999999996 14.9639999999999 0.00700000000051659 28.0469999999996 0 12.241 24.366 14.6720000000005
44.4010000000007 20.6529999999998 41.3059999999996 10.1569999999992 0.00900000000001455 28.9949999999999 0 12.3980000000001 37.8310000000001 17.0125000000003 34.0250000000005 15.5809999999992 0.00900000000001455 29.3299999999999 0 12.8899999999994 26.6010000000006 16.2169999999996
47.7889999999998 22.4024999999997 44.8049999999994 10.7290000000003 0.00799999999981083 29.6770000000006 0 12.8670000000002 37.1179999999995 16.73 33.46 15.3230000000003 0.0069999999996071 31.0780000000004 0 13.7929999999997 26.8389999999999 16.6450000000004
48.3119999999999 22.5185000000001 45.0370000000003 10.4660000000003 0.0069999999996071 30.4290000000001 0 13.0789999999997 38.0110000000004 17.165 34.3299999999999 15.2049999999999 0.00700000000051659 29.7929999999997 0 12.9589999999998 25.277 16.1230000000005
45.8890000000001 21.3194999999996 42.6389999999992 9.95600000000013 0.00600000000031287 29.768 0 12.6020000000008 37.0340000000006 16.6075000000001 33.2150000000001 14.5009999999993 0.00700000000051659 28.8499999999995 0 12.5329999999994 24.7550000000001 15.3630000000003
45.5349999999999 21.0500000000002 42.1000000000004 10.0320000000002 0.00599999999940337 30.2610000000004 0 12.8090000000002 36.7580000000007 16.607 33.2139999999999 14.1929999999993 0.00700000000051659 29.2979999999998 0 12.8229999999994 25.7939999999999 16.8290000000006
48.9989999999998 22.8009999999999 45.6019999999999 9.67200000000048 0.00900000000001455 30.4780000000001 0 13.058 38.643 17.3715000000002 34.7430000000004 14.6450000000004 0.00799999999981083 29.3310000000001 0 12.5640000000003 25.4229999999998 16.1109999999999
48.0289999999995 22.5220000000004 45.0440000000008 10.1870000000008 0.0109999999995125 31.4769999999999 0 13.4859999999999 39.6809999999996 17.8865000000001 35.7730000000001 16.3280000000004 0.0069999999996071 29.6270000000004 0 12.8480000000009 26.6299999999992 15.5500000000002
49.7070000000003 23.2429999999999 46.4859999999999 10.7780000000002 0.0069999999996071 30.1390000000001 0 12.6309999999994 39.866 17.982 35.9639999999999 15.8249999999998 0.00700000000051659 29.1279999999997 0 12.5909999999994 24.8559999999998 17.0810000000001
48.7239999999993 22.6389999999997 45.2779999999993 10.4450000000006 0.00799999999981083 30.8869999999997 0 13.5709999999999 39.3069999999998 17.75 35.5 15.6850000000004 0.0069999999996071 30.942 0 13.652 26.9519999999993 16.6219999999994
48.3220000000001 22.6099999999997 45.2199999999993 10.6380000000008 0.00799999999981083 30.5999999999985 0 13.4200000000001 38.1219999999994 17.2019999999993 34.4039999999986 15.2839999999997 0.00799999999981083 31.1910000000007 0 13.5310000000009 26.5840000000007 16.7489999999998
48.1409999999996 22.3699999999999 44.7399999999998 10.3260000000009 0.00799999999981083 31.2950000000001 0 13.3809999999994 38.5709999999999 17.442 34.884 15.9360000000015 0.0069999999996071 30.9399999999987 0 13.4860000000008 26.7289999999994 16.7150000000001
48.2379999999994 22.5195000000003 45.0390000000007 10.7270000000008 0.0069999999996071 31.1959999999999 0 13.619999999999 38.3079999999991 17.2235000000001 34.4470000000001 15.8900000000012 0.0069999999996071 31.0489999999991 0 13.6579999999994 27.4060000000009 15.6599999999999
44.3719999999994 20.5484999999999 41.0969999999998 9.97500000000036 0.00599999999940337 27.9850000000006 0 13.2900000000009 36.848 16.6745000000001 33.3490000000002 15.2180000000008 0.0100000000002183 30.0249999999996 0 13.1549999999988 25.7990000000009 16.3719999999994
46.5460000000003 21.7165000000005 43.4330000000009 10.3550000000014 0.00599999999940337 28.8809999999994 0 12.262999999999 35.6180000000004 15.8980000000001 31.7960000000003 14.4290000000001 0.0069999999996071 28.0720000000001 0 12.4389999999985 24.3820000000014 14.3230000000003
44.6290000000008 20.8185000000003 41.6370000000006 10.3119999999999 0.00599999999940337 29.1409999999996 0 12.9080000000013 37.8029999999999 17.0644999999995 34.128999999999 15.4359999999997 0.00600000000122236 30.8249999999989 0 14.0579999999991 27.0529999999999 17.1779999999999
49.2790000000005 23.0874999999996 46.1749999999993 10.6929999999993 0.0139999999992142 31.6540000000005 0 13.2340000000004 38.7169999999987 17.4115000000002 34.8230000000003 16.0470000000005 0.0069999999996071 30.2890000000007 0 13.4770000000008 26.0130000000008 16.8669999999984
48.5509999999995 22.5945000000002 45.1890000000003 10.4000000000015 0.0069999999996071 30.7209999999995 0 13.5840000000007 38.1329999999998 17.1559999999999 34.3119999999999 15.6509999999998 0.0100000000002183 31.0519999999997 0 13.5689999999995 25.9799999999996 16.6689999999999
49.3690000000006 22.8819999999996 45.7639999999992 10.6039999999994 0.0069999999996071 31.1910000000007 0 13.607 37.4089999999997 16.8339999999998 33.6679999999997 15.6829999999991 0.0069999999996071 30.4920000000002 0 13.4150000000009 26.2429999999986 17.0740000000005
49.5550000000003 23.0069999999996 46.0139999999992 10.2330000000002 0.0069999999996071 31.4590000000007 0 13.3850000000002 38.1730000000007 17.2555000000002 34.5110000000004 15.7179999999989 0.0069999999996071 31.8400000000001 0 13.878999999999 26.8670000000002 17.371000000001
49.6799999999985 23.2434999999996 46.4869999999992 10.2980000000007 0.0069999999996071 30.9350000000013 0 13.4300000000003 37.9030000000002 17.0899999999992 34.1799999999985 16.1280000000006 0.00900000000001455 31.1790000000001 0 13.5550000000003 27.7299999999996 17.1010000000006
44.9160000000011 20.7314999999999 41.4629999999997 9.81999999999971 0.00799999999981083 29.1440000000002 0 12.6420000000016 35.7749999999996 16.0065000000004 32.0130000000008 14.4050000000007 0.00599999999940337 28.3430000000008 0 12.5450000000001 25.8029999999999 16.7039999999997
48.9789999999994 22.8864999999996 45.7729999999992 10.6419999999998 0.0069999999996071 31.4620000000014 0 12.9750000000004 37.9160000000011 17.0065000000004 34.0130000000008 15.3629999999994 0.0069999999996071 30.741 0 13.0419999999995 25.3490000000002 15.1470000000008
47.8140000000003 22.2474999999995 44.494999999999 10.2650000000012 0.0069999999996071 30.3089999999993 0 13.1849999999995 38.9209999999985 17.5645000000004 35.1290000000008 16.0040000000008 0.0069999999996071 30.6930000000011 0 13.5169999999998 26.3370000000014 16.9359999999997
50.5460000000003 23.6310000000003 47.2620000000006 10.7150000000001 0.0069999999996071 30.9459999999999 0 12.6059999999998 36.9169999999995 16.5729999999994 33.1459999999988 14.8330000000005 0.0069999999996071 29.0220000000008 0.00100000000020373 12.6149999999998 25.0380000000005 15.4409999999989
49.494999999999 23.1140000000005 46.228000000001 10.1409999999996 0.0100000000002183 29.4070000000011 0 12.5600000000013 38.0769999999993 17.1410000000005 34.2820000000011 15.7130000000016 0.00900000000001455 30.2950000000001 0 13.625 26.4140000000007 16.8339999999989
50.6380000000008 23.6194999999998 47.2389999999996 10.5149999999994 0.0069999999996071 31.1180000000004 0 13.9489999999987 37.2690000000002 16.7794999999996 33.5589999999993 15.0380000000005 0.00599999999940337 30.7289999999994 0 13.3169999999991 25.652 15.8580000000002
48.976999999999 22.8209999999999 45.6419999999998 10.4830000000002 0.00900000000001455 30.8539999999994 0 13.3510000000006 38.3920000000016 17.1465000000007 34.2930000000015 15.4649999999983 0.00700000000142609 30.5630000000001 0 13.5670000000009 26.3209999999999 16.9200000000001
48.7800000000007 22.8639999999996 45.7279999999992 11.0079999999998 0.0069999999996071 32.5249999999996 0 13.8009999999995 39.259 17.8035 35.607 15.2749999999996 0.00600000000122236 31.6739999999991 0 12.3559999999998 25.6129999999994 14.6550000000007
49.0910000000003 22.7894999999999 45.5789999999997 10.4920000000002 0.0069999999996071 31.2430000000004 0 13.7080000000005 38.7919999999995 17.4164999999994 34.8329999999987 15.5939999999991 0.00700000000142609 30.4650000000001 0 13.737000000001 26.348 16.8220000000001
47.8449999999993 22.2784999999994 44.5569999999989 10.5059999999994 0.00700000000142609 31.2589999999982 0 13.6880000000001 38.134 17.1585000000005 34.3170000000009 15.2080000000005 0.0069999999996071 30.3170000000009 0 13.6929999999993 26.5030000000006 16.8140000000003
48.9969999999994 22.8689999999997 45.7379999999994 10.1839999999993 0.00700000000142609 30.6099999999988 0 12.8379999999997 37.2240000000002 16.6325000000006 33.2650000000012 15.1530000000002 0.0069999999996071 30.6380000000008 0 12.9290000000001 26.6499999999996 14.5010000000002
46.7739999999994 21.7365 43.473 10.5900000000001 0.0069999999996071 30.7389999999996 0 13.2100000000009 38.4679999999989 17.1904999999997 34.3809999999994 15.8029999999999 0.0069999999996071 30.3140000000003 0 13.6859999999997 25.8360000000011 14.5779999999995
50.7639999999992 23.6499999999996 47.2999999999993 11.4809999999998 0.00700000000142609 31.2069999999985 0 12.6189999999988 39.7790000000005 17.6990000000005 35.398000000001 16.2920000000013 0.0069999999996071 29.9899999999998 0 13.8010000000013 27.0649999999987 16.7610000000004
47.232 21.866 43.732 10.2619999999988 0.00799999999981083 30.1260000000002 0 13.4400000000005 39.1579999999994 17.7670000000007 35.5340000000015 15.6219999999994 0.00600000000122236 30.0699999999997 0 13.5960000000014 27.8979999999992 16.5599999999995
47.7340000000004 22.2684999999992 44.5369999999984 9.95099999999911 0.0069999999996071 30.4770000000008 0 13.2299999999996 36.8730000000014 16.6220000000003 33.2440000000006 14.6539999999986 0.00700000000142609 29.6649999999991 0 13.1460000000006 25.0820000000003 16.405999999999
48.3880000000008 22.5189999999993 45.0379999999986 10.0029999999988 0.00700000000142609 30.253999999999 0 12.991 38.0259999999998 17.1754999999994 34.3509999999987 14.8729999999996 0.00700000000142609 30.3889999999992 0 13.2999999999993 24.8559999999998 15.1890000000003
46.2219999999998 21.4854999999998 42.9709999999995 9.68399999999929 0.00800000000162981 30.1369999999988 0 13.2860000000001 36.232 16.1895000000004 32.3790000000008 14.7739999999994 0.00700000000142609 31.7369999999992 0 13.4279999999999 25.6529999999984 16.0820000000003
48.4669999999987 22.4944999999998 44.9889999999996 10.6360000000022 0.00699999999778811 34.5450000000019 0 13.1719999999987 35.9800000000032 16.1220000000012 32.2440000000024 15.1759999999995 0.00699999999778811 31.023000000001 0 13.0679999999993 27.6330000000016 16.8909999999996
48.1689999999981 22.4215000000004 44.8430000000008 11.2430000000022 0.00699999999778811 30.5879999999997 0 13.2160000000003 38.7719999999972 17.4770000000008 34.9540000000015 14.8389999999999 0.00700000000142609 29.8950000000004 0 12.7210000000014 24.6169999999984 15.4550000000017
48.7819999999992 22.6705000000002 45.3410000000003 10.4910000000018 0.00699999999778811 30.1540000000023 0 13.0010000000002 37.1739999999991 16.7109999999993 33.4219999999987 14.7309999999998 0.00700000000142609 31.5439999999981 0 13.219000000001 26.8189999999995 16.487000000001
49.2360000000008 23.0519999999997 46.1039999999994 9.89400000000023 0.010999999998603 29.5780000000013 0 12.9129999999968 36.0510000000031 16.2020000000011 32.4040000000023 14.7089999999989 0.00699999999778811 28.9390000000021 0 12.3060000000005 24.1320000000014 14.726999999999
46.018 21.3619999999992 42.7239999999983 10.3690000000024 0.00699999999778811 31.8810000000012 0 12.737000000001 36.9669999999969 16.4984999999997 32.9969999999994 14.9080000000031 0.00599999999758438 28.2220000000016 0 13.2350000000006 26.1239999999998 16.4099999999999
47.9670000000006 22.3799999999992 44.7599999999984 9.84200000000055 0.00599999999758438 27.7400000000016 0 12.2259999999987 36.0850000000028 16.3834999999999 32.7669999999998 15.268 0.00599999999758438 28.8410000000003 0 12.9310000000005 25.0960000000014 16.5379999999968
47.0600000000013 21.8550000000014 43.7100000000028 10.4290000000001 0.00699999999778811 29.5330000000031 0 12.614999999998 37.0659999999989 16.6859999999997 33.3719999999994 14.987000000001 0.00899999999819556 29.3100000000013 0 12.726999999999 26.2340000000004 15.8139999999985
47.3630000000012 22.0609999999997 44.1219999999994 10.7059999999983 0.00700000000142609 30.4349999999977 0 13.3140000000021 38.1820000000007 17.1819999999989 34.3639999999978 15.9519999999975 0.00700000000142609 30.857 0 13.5149999999994 27.6660000000011 17.1759999999995
48.268 22.4935000000005 44.987000000001 9.73999999999796 0.0120000000024447 28.4609999999993 0 12.7969999999987 37.3499999999985 16.7624999999989 33.5249999999978 15.6229999999996 0.00900000000183354 30.3659999999982 0 13.0980000000018 26.1159999999982 16.0950000000012
48.262999999999 22.4560000000001 44.9120000000003 10.9089999999997 0.00700000000142609 31.1739999999991 0 12.4020000000019 38.3410000000003 17.2505000000001 34.5010000000002 15.4850000000006 0.00899999999819556 29.3940000000002 0 12.9429999999993 25.237000000001 16.8729999999996
47.1059999999998 21.8580000000002 43.7160000000003 10.1440000000002 0.00700000000142609 30.3179999999993 0 13.0149999999994 38.7489999999998 17.4089999999997 34.8179999999993 14.9869999999974 0.00700000000142609 29.6039999999994 0 13.3509999999987 25.8310000000019 16.6810000000005
49.3260000000009 22.942500000001 45.885000000002 10.4350000000013 0.00899999999819556 29.5 0 12.5880000000034 37.4590000000026 16.8709999999992 33.7419999999984 15.1869999999981 0.00600000000122236 28.3639999999978 0 12.637999999999 24.844000000001 14.9309999999969
45.0060000000012 20.8880000000008 41.7760000000017 10.1029999999992 0.00699999999778811 28.5130000000026 0 12.3869999999988 35.7200000000012 16.0345000000016 32.0690000000031 14.9089999999997 0.00699999999778811 27.5900000000001 0 12.2990000000027 24.7799999999988 15.3630000000012
45.280999999999 21.0030000000006 42.0060000000012 9.49699999999939 0.00700000000142609 29.244999999999 0 12.0640000000021 35.5509999999995 15.9305000000004 31.8610000000008 14.6699999999983 0.00600000000122236 28.7239999999983 0 12.0459999999985 24.5390000000007 14.6130000000012
44.4249999999993 20.5660000000007 41.1320000000014 9.75900000000183 0.00599999999758438 28.3480000000018 0 12.226999999999 35.5240000000013 15.8209999999999 31.6419999999998 15.5139999999992 0.00600000000122236 28.4959999999992 0 11.9530000000013 23.8780000000006 13.1219999999994
43.3709999999992 20.0635000000002 40.1270000000004 10.0240000000013 0.00699999999778811 28.3680000000022 0 12.3019999999997 35.8199999999997 16.0024999999987 32.0049999999974 14.7669999999998 0.00800000000162981 28.6159999999982 0 12.4989999999998 24.2989999999991 14.9979999999996
44.2160000000003 20.503999999999 41.007999999998 9.9989999999998 0.00800000000162981 29.0699999999997 0 12.4170000000013 37.2540000000008 16.9500000000007 33.9000000000015 15.5629999999983 0.00700000000142609 30.0600000000013 0 13.4360000000015 25.6029999999992 16.7340000000004
45.8729999999996 21.210500000001 42.4210000000021 9.64600000000064 0.00899999999819556 28.4079999999994 0 11.520999999997 35.5750000000007 16.0079999999998 32.0159999999996 14.6720000000023 0.00599999999758438 27.9120000000003 0 11.9249999999993 23.5550000000003 13.1800000000003
47.1630000000005 21.9160000000011 43.8320000000022 10.4439999999995 0.00700000000142609 33.288999999997 0 14.0930000000008 39.617000000002 17.7440000000006 35.4880000000012 15.8539999999994 0.00600000000122236 33.5030000000006 0 14.2309999999998 29.7469999999994 17.2710000000006
48.260000000002 22.4755000000005 44.9510000000009 10.7510000000002 0.00999999999839929 32.851999999999 0 14.1179999999986 39.6650000000009 17.8099999999995 35.619999999999 16.1309999999976 0.011000000002241 32.4699999999975 0 13.7900000000009 28.2000000000007 16.8079999999973
45.6630000000005 21.1244999999999 42.2489999999998 9.55199999999968 0.00599999999758438 29.1160000000018 0 13.4029999999984 37.2009999999973 16.8120000000017 33.6240000000034 15.1760000000031 0.00699999999778811 29.6860000000015 0 13.2189999999973 26.3290000000015 16.5949999999975
46.114999999998 21.4685000000009 42.9370000000017 9.67799999999988 0.00800000000162981 29.0579999999973 0 12.5599999999977 36.2780000000021 16.165500000001 32.3310000000019 14.6349999999984 0.00600000000122236 28.6859999999979 0 12.4360000000015 26.8019999999997 17.2170000000006
49.1309999999976 22.7785000000003 45.5570000000007 11.1510000000017 0.00899999999819556 35.0570000000007 0 14.4560000000019 39.9840000000004 17.8189999999995 35.637999999999 16.4259999999995 0.00800000000162981 33.9419999999991 0 14.0489999999991 30.1500000000015 17.2569999999978
48.887999999999 22.7630000000008 45.5260000000017 11.0590000000011 0.00600000000122236 34.3250000000007 0 14.0240000000013 38.8499999999985 17.4364999999998 34.8729999999996 15.3680000000022 0.00699999999778811 29.5 0 13.5290000000023 25.6939999999995 16.6359999999986
47.2099999999991 22.012999999999 44.025999999998 9.8839999999982 0.011000000002241 28.375 0 12.4419999999991 36.7199999999975 16.4830000000002 32.9660000000003 15.0390000000007 0.00700000000142609 28.7089999999989 0 12.5040000000008 24.8189999999995 15.3140000000021
48.1830000000009 22.4499999999989 44.8999999999978 11.1270000000004 0.00999999999839929 33.8709999999992 0 14.3729999999996 39.862000000001 17.973 35.9459999999999 16.1290000000008 0.00899999999819556 32.7640000000029 0 14.3070000000007 28.2109999999993 17.5270000000019
47.893 22.3155000000006 44.6310000000012 10.0329999999994 0.00800000000162981 29.3019999999997 0 11.9190000000017 37.6230000000032 16.8869999999988 33.7739999999976 15.7139999999999 0.00899999999819556 28.3389999999999 0 11.9860000000008 24.1919999999991 13.6779999999999
45.0709999999999 20.9915000000001 41.9830000000002 9.67199999999866 0.00600000000122236 29.0759999999973 0 12.0479999999989 34.9650000000001 15.7919999999995 31.5839999999989 14.2460000000028 0.00599999999758438 29.1599999999999 0.00100000000020373 12.4000000000015 24.9759999999987 16.4010000000017
47.5550000000003 22.1795000000002 44.3590000000004 9.82500000000073 0.00699999999778811 28.1910000000025 0 12.7489999999998 38.8040000000001 17.5329999999994 35.0659999999989 15.2760000000017 0.00699999999778811 28.3690000000024 0 12.1460000000006 25.0739999999969 13.4910000000018
44.3050000000003 20.5059999999994 41.0119999999988 9.86899999999878 0.00600000000122236 27.9439999999995 0 11.8250000000007 36.2219999999979 16.2814999999991 32.5629999999983 15.2630000000026 0.00599999999758438 28.6610000000001 0 12.1789999999964 24.6750000000029 13.1139999999978
43.8329999999987 20.2669999999998 40.5339999999997 9.73800000000119 0.010999999998603 27.5190000000002 0 11.8189999999995 35.2409999999982 15.7279999999992 31.4559999999983 14.6980000000003 0.00600000000122236 27.7089999999989 0 11.9379999999983 24.3950000000004 13.8149999999987
45.1130000000012 20.8824999999997 41.7649999999994 10.0070000000014 0.00799999999799184 28.487000000001 0 12.1370000000024 35.755000000001 15.9950000000008 31.9900000000016 14.7139999999999 0.00599999999758438 28.4370000000017 0 12.2540000000008 25.4160000000011 13.0579999999973
44.4500000000007 20.6039999999994 41.2079999999987 9.88100000000122 0.00599999999758438 28.4730000000018 0 11.9850000000006 35.6179999999986 16.0789999999997 32.1579999999994 15.5460000000021 0.00699999999778811 28.1270000000004 0 11.8629999999976 24.1010000000024 13.4679999999971
45.6169999999984 21.128999999999 42.257999999998 9.34100000000035 0.00600000000122236 28.5349999999999 0 11.7090000000026 36.518 16.3415000000005 32.6830000000009 15.1030000000028 0.00699999999778811 29.4140000000007 0 13.4259999999995 26.0060000000012 16.6470000000008
46.2700000000004 21.4154999999992 42.8309999999983 9.88299999999799 0.00900000000183354 29.5479999999989 0 12.994999999999 35.4910000000018 16.0095000000001 32.0190000000002 14.7099999999991 0.00699999999778811 27.4340000000011 0 12.6670000000013 25.4130000000005 16.6499999999978
47.2930000000015 21.9720000000016 43.9440000000031 10.025999999998 0.00900000000183354 29.3099999999977 0 12.6180000000022 35.9699999999975 16.2134999999998 32.4269999999997 15.2659999999996 0.00600000000122236 28.4439999999995 0 12.5709999999999 24.7780000000021 15.0930000000008
50.3379999999997 23.4920000000002 46.9840000000004 10.3690000000024 0.00899999999819556 32.0390000000007 0 13.9630000000034 37.8619999999974 16.8630000000012 33.7260000000024 15.2590000000018 0.00800000000162981 27.9309999999969 0 11.7909999999974 24.5680000000029 12.9089999999997
45.1739999999991 20.8184999999994 41.6369999999988 9.86999999999898 0.00700000000142609 32.4639999999999 0 13.7330000000002 38.8230000000003 17.5244999999995 35.0489999999991 15.9860000000008 0.00900000000183354 28.5739999999969 0 12.3659999999982 23.6860000000015 16.0649999999987
47.1599999999999 21.8945000000003 43.7890000000007 10.6499999999978 0.00700000000142609 30.3470000000016 0 13.1730000000025 36.4710000000014 16.3670000000002 32.7340000000004 15.0809999999983 0.00600000000122236 28.8659999999982 0 13.0680000000029 25.7369999999974 15.5509999999995
43.9330000000009 20.2929999999997 40.5859999999993 9.73500000000058 0.010999999998603 28.0540000000001 0 11.9700000000012 35.4170000000013 15.7345000000005 31.469000000001 14.6749999999993 0.00600000000122236 28.1349999999984 0 12.3269999999975 25.9760000000024 16.0679999999993
47.4579999999987 22.0925000000007 44.1850000000013 9.29100000000108 0.00599999999758438 27.5540000000001 0 11.8400000000001 35.5229999999974 15.7750000000015 31.5500000000029 14.9140000000007 0.00900000000183354 30.1529999999984 0 13.1589999999997 25.4220000000023 16.2969999999987
44.9700000000012 20.9494999999988 41.8989999999976 10.0609999999979 0.011000000002241 29.2360000000008 0 13.0370000000003 36.8640000000014 16.4695000000011 32.9390000000021 14.8299999999981 0.00800000000162981 29.9529999999977 0 12.150999999998 23.9720000000016 13.4599999999991
46.7599999999984 21.6645000000008 43.3290000000015 10.148000000001 0.00899999999819556 30.1059999999998 0 13.0800000000017 37.2360000000008 16.726999999999 33.4539999999979 15.130000000001 0.00899999999819556 29.0490000000027 0 13.0609999999979 25.1630000000005 16.6929999999993
47.2700000000004 21.9919999999984 43.9839999999967 9.93499999999767 0.00700000000142609 28.4239999999991 0 11.7589999999982 36.7230000000018 16.4040000000005 32.8080000000009 14.8109999999979 0.00700000000142609 29.0849999999991 0 12.7139999999999 24.8970000000008 16.2769999999982
