42.394 19.463 38.926 8.71900000000001 0.00499999999999545 37.453 0 8.83500000000001 27.287 11.7305 23.461 9.54000000000002 0.00600000000000023 24.186 0 8.755 21.339 10.493
36.348 16.4655 32.931 6.82799999999997 0.00499999999999545 25.662 0 8.32400000000001 25.8 11.2515 22.503 10.175 0.00499999999999545 23.814 0 8.32999999999998 21.837 9.85399999999998
36.2089999999999 16.488 32.976 6.37300000000005 0.00399999999990541 23.264 0 8.26299999999992 26.711 11.473 22.946 10.057 0.00499999999999545 24.066 0 8.44099999999992 21.298 10.2090000000001
34.861 15.955 31.9100000000001 6.47299999999996 0.0040000000000191 24.682 0 8.23700000000008 26.058 11.461 22.9219999999999 10.207 0.00799999999992451 23.845 0 8.35699999999997 21.436 9.78800000000001
36.6559999999999 16.688 33.3760000000001 6.54100000000005 0.00699999999994816 23.812 0 8.29600000000005 37.1950000000001 11.2086666666667 33.6260000000001 9.42599999999993 0.00299999999992906 24.1680000000001 0 8.5809999999999 22.0930000000001 10.3879999999999
34.8339999999998 15.809 31.6179999999999 6.55899999999997 0.00400000000013279 25.549 0 8.23000000000002 25.5599999999999 11.1485 22.297 10.1559999999999 0.00499999999988177 26.6480000000001 0 8.59099999999989 22.4560000000001 10.374
35.308 16.14 32.28 6.53800000000001 0.00399999999990541 24.1800000000001 0 8.21599999999989 25.7860000000001 11.1865 22.373 10.046 0.00699999999983447 23.3570000000002 0 8.44299999999998 22.201 10.23
35.249 16.1795000000001 32.3590000000002 6.36500000000001 0.00500000000010914 24.3239999999998 0 7.99500000000012 26.681 11.487 22.9739999999999 10.355 0.00300000000015643 23.7649999999999 0 8.38200000000006 21.306 10.376
35.1280000000002 16.1370000000001 32.2740000000001 6.404 0.00999999999999091 24.692 0 8.06899999999996 26.713 11.6745000000001 23.3490000000002 10.048 0.0080000000000382 22.769 0 8.1690000000001 21.2069999999999 10.239
34.894 15.8630000000001 31.7260000000001 6.52200000000016 0.00499999999988177 24.951 0 8.31799999999998 25.4179999999999 11.0685000000001 22.1370000000002 9.67500000000018 0.00599999999985812 23.7490000000003 0 8.26499999999987 21.6999999999998 10.2710000000002
33.9050000000002 15.3139999999999 30.6279999999997 6.37100000000009 0.00399999999990541 24.5349999999999 0 8.2529999999997 25.4960000000001 11.0540000000001 22.1080000000002 9.43499999999995 0.00399999999990541 24.1790000000001 0 8.42000000000007 21.7249999999999 9.94499999999971
35.4539999999997 16.146 32.2919999999999 6.52300000000014 0.00500000000010914 23.3319999999999 0 8.17200000000003 25.7049999999999 11.1254999999999 22.2509999999997 10.114 0.00399999999990541 23.0630000000001 0 7.74900000000025 21.8309999999997 9.9680000000003
35.0239999999999 15.8670000000002 31.7340000000004 6.36499999999978 0.00400000000036016 23.9939999999997 0 8.20200000000023 26.8510000000001 11.6419999999998 23.2839999999997 10.0009999999997 0.00400000000036016 23.0039999999999 0 8.17099999999982 21.2539999999999 10.0320000000002
34.7460000000001 15.78 31.5599999999999 6.5329999999999 0.00399999999990541 24.1979999999999 0 7.64100000000008 26.3419999999996 11.347 22.694 9.55100000000039 0.00599999999985812 23.5149999999999 0 8.21500000000015 21.3719999999998 10.3560000000002
35.502 16.1724999999999 32.3449999999998 6.47500000000036 0.00999999999976353 23.768 0 8.32099999999991 26.8110000000001 11.6895 23.3789999999999 9.41899999999987 0.00600000000031287 23.6169999999997 0 8.12100000000009 20.3359999999998 9.99300000000039
34.5730000000003 15.6895 31.3789999999999 6.38499999999976 0.00399999999990541 23.96 0 7.98699999999963 25.7339999999999 11.1400000000001 22.2800000000002 9.53099999999995 0.00399999999990541 23.654 0 8.5659999999998 22.174 10.183
34.8649999999998 15.8244999999999 31.6489999999999 6.18200000000024 0.00599999999985812 22.2829999999999 0 8.01499999999987 25.7930000000001 11.0039999999999 22.0079999999998 9.59400000000005 0.00700000000006185 22.8899999999999 0 8.11699999999973 20.1370000000002 10.1379999999999
34.087 15.431 30.8620000000001 6.36800000000039 0.00399999999990541 24.7439999999997 0 8.16600000000017 25.7049999999999 11.0974999999999 22.1949999999997 9.97299999999996 0.00799999999981083 25.2060000000001 0 7.98199999999997 21.8409999999999 10.1260000000002
34.2190000000001 15.462 30.924 6.47200000000021 0.00500000000010914 24.1369999999997 0 8.30999999999995 25.7190000000001 11.2009999999998 22.4019999999996 10.145 0.00700000000006185 23.741 0 8.2510000000002 21.433 10.125
34.027 15.5400000000002 31.0800000000004 6.30299999999988 0.00399999999990541 24.2190000000001 0 8.10500000000002 25.1419999999998 10.8685 21.7370000000001 9.83800000000019 0.00900000000001455 23.9839999999995 0 8.30699999999979 21.3100000000004 10.259
35.2249999999995 15.9749999999999 31.9499999999998 6.57099999999991 0.00800000000072032 23.4519999999993 0 7.80400000000009 25.3239999999996 10.9715000000001 21.9430000000002 9.3070000000007 0.00399999999990541 23.1750000000002 0 8.01199999999972 20.4430000000002 10.0619999999999
33.7459999999992 15.5014999999999 31.0029999999997 6.65200000000004 0.00399999999990541 23.7850000000008 0 8.11799999999948 25.4889999999996 11 22 9.41900000000078 0.00499999999919964 22.5010000000002 0 8.07099999999991 20.6689999999999 9.84299999999985
33.2689999999993 14.9825000000001 29.9650000000001 6.70800000000054 0.00399999999990541 23.1809999999996 0 7.96399999999994 25.1610000000001 10.8339999999998 21.6679999999997 9.43599999999969 0.00399999999990541 23.5810000000001 0 8.13500000000022 20.9830000000002 9.64199999999983
34.3670000000002 15.538 31.076 6.26499999999942 0.00500000000010914 23.8710000000001 0 7.75799999999981 24.5799999999999 10.6420000000003 21.2840000000006 9.7470000000003 0.0069999999996071 22.9520000000002 0 8.05199999999968 20.6199999999999 9.35500000000047
33.607 15.3330000000001 30.6660000000002 6.16499999999996 0.00400000000081491 23.4969999999994 0 7.88599999999951 24.723 10.6099999999997 21.2199999999993 9.66499999999996 0.00700000000051659 22.6709999999994 0 7.99099999999999 20.5289999999995 9.57600000000002
34.7150000000001 16.0009999999997 32.0019999999995 6.37899999999991 0.00799999999981083 24.2880000000005 0.000999999999294232 8.09900000000016 25.6350000000002 10.9884999999999 21.9769999999999 9.45100000000002 0.00399999999990541 22.5720000000001 0 8.14400000000023 20.8909999999996 10.241
35.2300000000005 15.7179999999998 31.4359999999997 6.42100000000028 0.00499999999919964 24.0070000000005 0 8.01299999999992 25.2460000000001 10.9900000000002 21.9800000000005 10.6579999999994 0.00799999999981083 23.2190000000001 0 8.11399999999958 21.0620000000008 9.45599999999922
34.1499999999996 15.4429999999998 30.8859999999995 6.49200000000019 0.00399999999990541 22.8819999999996 0 8.01599999999962 25.241 10.9045000000001 21.8090000000002 9.34100000000035 0.00999999999930878 23.0160000000005 0 7.97199999999975 20.3720000000003 9.6309999999994
34.0950000000003 15.4454999999998 30.8909999999996 6.32600000000002 0.00500000000010914 24.0129999999999 0 8.05100000000039 26.3410000000003 11.3215 22.643 10.1639999999998 0.00399999999990541 23.6860000000006 0 8.05300000000079 21.4779999999992 9.78000000000065
35.04 16.0980000000004 32.1960000000008 6.41899999999987 0.00600000000031287 23.1639999999998 0 8.3130000000001 24.8850000000002 10.7995000000001 21.5990000000002 9.28099999999995 0.00399999999990541 23.5150000000003 0 8.15700000000015 21.5150000000003 10.1859999999997
33.4849999999997 15.2184999999999 30.4369999999999 6.44400000000041 0.00399999999990541 23.9499999999998 0 8.15099999999984 25.3769999999995 11.0504999999998 22.1009999999997 9.63600000000042 0.00399999999990541 23.1359999999995 0 8.13299999999981 20.8340000000007 9.92399999999998
33.6620000000003 15.3019999999997 30.6039999999994 6.32099999999991 0.0069999999996071 23.9859999999999 0 7.98900000000049 35.4490000000005 10.79 32.3699999999999 9.75799999999981 0.00399999999990541 22.4679999999998 0 8.11100000000079 21.1269999999995 10.1860000000006
34.335 15.7525000000001 31.5050000000001 6.26200000000063 0.00499999999919964 23.4200000000001 0 8.14800000000014 25.8119999999999 11.172 22.3440000000001 9.04199999999946 0.00399999999990541 23.4940000000006 0 8.17600000000039 20.8249999999998 10.3910000000005
33.5050000000001 15.2725 30.5450000000001 6.65200000000004 0.00599999999940337 24.366 0 8.33199999999943 24.4380000000001 10.5525000000002 21.1050000000005 9.54500000000007 0.00800000000072032 22.7719999999999 0 7.86700000000019 20.223 9.67099999999937
34.3149999999996 15.701 31.402 6.26500000000033 0.00399999999990541 24.9539999999997 0 8.02599999999984 25.098 10.8874999999998 21.7749999999996 9.8100000000004 0.00500000000010914 23.2579999999998 0 7.9980000000005 20.4299999999994 9.70200000000023
32.6400000000003 14.8250000000003 29.6500000000005 7.17299999999977 0.00500000000010914 24.1909999999998 0 8.05600000000049 25.768 11.1060000000002 22.2120000000004 10.2349999999997 0.00399999999990541 23.2520000000004 0 8.07200000000012 21.9160000000002 9.63299999999981
34.0360000000001 15.5160000000001 31.0320000000002 6.4970000000003 0.00500000000010914 23.9249999999993 0 8.16100000000006 25.2159999999994 10.9795000000004 21.9590000000007 9.88400000000001 0.00399999999990541 24.085 0 8.39800000000014 21.3839999999991 9.78000000000065
34.3360000000002 15.5940000000001 31.1880000000001 6.625 0.00500000000010914 23.1229999999996 0 8.17599999999948 27.2950000000001 11.5650000000001 23.1300000000001 11.4140000000007 0.00599999999940337 23.3740000000007 0 8.22100000000046 21.0780000000004 9.70699999999943
34.3190000000004 15.6464999999998 31.2929999999997 6.44899999999961 0.00799999999981083 23.576 0 8.18000000000029 26.692 11.6259999999997 23.2519999999995 10.0299999999997 0.00799999999981083 23.6530000000002 0 8.29299999999967 21.4229999999998 10.4270000000006
36.0389999999998 16.4360000000001 32.8720000000003 6.80000000000018 0.00399999999990541 24.0439999999999 0 7.88600000000042 25.4260000000004 10.9789999999998 21.9579999999996 10.1809999999996 0.00700000000051659 23.1899999999996 0 8.01699999999983 21.3879999999999 9.77700000000004
34.4930000000004 15.5344999999998 31.0689999999995 6.63500000000022 0.00599999999940337 23.6840000000011 0 8.11199999999917 24.8799999999992 10.8514999999998 21.7029999999995 10.4120000000003 0.00900000000001455 22.9889999999996 0 7.996000000001 20.5649999999987 9.63500000000022
32.8529999999992 14.7929999999997 29.5859999999993 6.61599999999999 0.00400000000081491 23.7829999999994 0 7.93599999999969 35.0460000000003 10.6239999999998 31.8719999999994 9.72700000000077 0.011000000000422 23.0649999999987 0 7.8130000000001 21.4169999999995 9.64300000000003
33.848 15.3289999999997 30.6579999999994 6.36199999999917 0.00500000000101863 23.3349999999991 0 8.06700000000092 25.4879999999994 10.9960000000001 21.9920000000002 9.32200000000012 0.00400000000081491 23.4689999999991 0 8.10800000000017 21.380000000001 9.84000000000015
33.2170000000006 15.0369999999994 30.0739999999987 6.35299999999916 0.00400000000081491 24.2330000000002 0 7.9989999999998 25.3179999999993 11.0410000000002 22.0820000000003 9.48300000000017 0.00499999999919964 22.8510000000006 0 7.94100000000071 20.351999999999 10.0790000000015
32.5830000000005 14.7600000000002 29.5200000000004 6.43099999999868 0.00400000000081491 23.0699999999997 0 7.95700000000033 25.2159999999985 10.9399999999996 21.8799999999992 9.90400000000045 0.00400000000081491 23.1569999999992 0 7.95300000000134 20.5010000000002 9.60699999999997
34.5319999999992 15.5839999999998 31.1679999999997 6.65799999999945 0.0100000000002183 23.1460000000006 0 8.08899999999994 24.3590000000004 10.6094999999996 21.2189999999991 9.49499999999898 0.00800000000162981 23.1829999999991 0 8.3739999999998 21.375 10.2720000000008
34.2459999999992 15.6495000000004 31.2990000000009 6.3080000000009 0.00799999999981083 23.4650000000001 0 8.08699999999953 24.768 10.7520000000004 21.5040000000008 9.78100000000086 0.00799999999981083 22.7309999999998 0 8.08500000000095 20.5779999999995 10.0299999999988
33.6260000000002 15.0495000000001 30.0990000000002 6.29399999999987 0.00400000000081491 23.4079999999994 0 7.76700000000164 24.4840000000004 10.5214999999998 21.0429999999997 10.0329999999994 0.00600000000122236 22.7219999999998 0 7.94999999999891 21.4750000000004 9.51599999999962
32.723 14.8244999999997 29.6489999999994 6.17900000000009 0.00499999999919964 23.0820000000003 0 7.85399999999936 25.6049999999996 11.0375000000004 22.0750000000007 9.91600000000108 0.00499999999919964 24.7060000000001 0 8.38500000000022 21.9749999999985 9.88200000000143
34.6039999999994 15.723 31.4459999999999 6.56400000000031 0.00599999999940337 23.6700000000001 0 8.06099999999969 24.6959999999999 10.7640000000001 21.5280000000002 9.27399999999943 0.00499999999919964 23.5880000000016 0 8.03100000000086 21.5419999999995 9.87700000000041
35.0460000000003 15.9364999999998 31.8729999999996 6.71099999999933 0.00400000000081491 23.0119999999988 0 8.2489999999998 25.1800000000003 10.9359999999997 21.8719999999994 9.18599999999969 0.00400000000081491 23.4979999999996 0 8.07400000000052 20.7729999999992 9.7390000000014
34.4809999999998 15.6089999999995 31.2179999999989 6.53000000000065 0.00399999999899592 23.9940000000006 0 8.09699999999975 25.2000000000007 10.7795000000006 21.5590000000011 9.36599999999999 0.00399999999899592 23.1110000000008 0 7.91200000000026 20.3599999999988 9.99200000000019
34.0839999999989 15.5349999999999 31.0699999999997 6.45700000000033 0.00499999999919964 23.7810000000009 0 7.89500000000044 24.9759999999987 10.8924999999999 21.7849999999999 9.65700000000106 0.00399999999899592 22.7300000000014 0 8.19599999999991 21.3230000000003 10.1790000000001
33.5659999999989 15.4435000000003 30.8870000000006 6.20199999999932 0.00400000000081491 23.4259999999995 0 8.01400000000103 25.4399999999987 10.9754999999996 21.9509999999991 9.18400000000111 0.00799999999981083 22.7360000000008 0 8.10799999999836 21.0070000000014 10.0139999999992
34.259 15.3909999999996 30.7819999999992 6.32099999999991 0.00800000000162981 23.3559999999998 0 7.97899999999936 25.1280000000006 10.8625000000002 21.7250000000004 10.2070000000003 0.0069999999996071 22.8400000000001 0 8.01000000000022 20.9899999999998 9.92900000000009
33.8150000000005 15.3635000000004 30.7270000000008 6.29199999999946 0.00400000000081491 23.8249999999989 0 7.98499999999876 25.1479999999992 10.8234999999995 21.646999999999 9.40500000000065 0.0100000000002183 22.985999999999 0 8.07300000000032 21.232 9.97800000000097
34.5249999999996 15.7310000000007 31.4620000000014 6.20999999999913 0.00600000000122236 23.7070000000003 0 7.97699999999895 25.7029999999995 10.9780000000001 21.9560000000001 10.0290000000005 0.0069999999996071 24.1700000000001 0 8.11000000000058 21.2469999999994 9.57600000000093
34.1360000000004 15.3954999999996 30.7909999999993 6.13500000000022 0.00399999999899592 24.4890000000014 0 8.35000000000036 24.7439999999988 10.8310000000001 21.6620000000003 9.70400000000154 0.00399999999899592 24.5259999999998 0 8.40899999999965 23.1190000000006 10.5209999999988
33.7880000000005 15.3125 30.625 6.32799999999952 0.00399999999899592 22.9670000000006 0 8.16499999999905 25.134 10.8410000000003 21.6820000000007 9.20399999999972 0.00399999999899592 22.9840000000004 0 8.17799999999988 20.9500000000007 10.0599999999995
33.9799999999996 15.4084999999995 30.8169999999991 6.52999999999884 0.00600000000122236 24.6369999999988 0 8.17000000000007 25.5870000000014 11.1554999999998 22.3109999999997 9.63400000000001 0.00499999999919964 23.4840000000004 0 7.9989999999998 21.5869999999995 10.0260000000017
36.0279999999984 16.3829999999998 32.7659999999996 6.91700000000128 0.00399999999899592 23.8180000000011 0 8.05299999999988 25.7049999999999 10.9854999999998 21.9709999999995 9.36800000000039 0.00400000000081491 24.2219999999998 0 7.7549999999992 20.8729999999996 9.98500000000058
34.1880000000001 15.5365000000002 31.0730000000003 6.27300000000105 0.00399999999899592 24.3050000000003 0 8.22700000000077 25.5650000000005 11.1554999999998 22.3109999999997 10.0540000000001 0.00399999999899592 23.8920000000016 0 7.86300000000119 21.3899999999994 10.246000000001
36.0579999999991 16.5115000000005 33.023000000001 6.37800000000061 0.00499999999919964 24.1140000000014 0 8.26699999999983 30.271999999999 12.8564999999999 25.7129999999997 14.1689999999999 0.00799999999981083 22.5920000000006 0 8.07099999999991 20.4310000000005 9.88699999999881
35.746000000001 16.0410000000002 32.0820000000003 6.73899999999958 0.00499999999919964 24.5320000000011 0 8.29899999999907 25.4200000000001 10.9105000000009 21.8210000000017 9.57099999999991 0.00399999999899592 23.1870000000017 0 8.0619999999999 21.2450000000008 9.79700000000048
34.6830000000009 15.8450000000003 31.6900000000005 6.55799999999908 0.00400000000081491 24.402 0 8.22299999999996 25.4589999999989 11.0849999999991 22.1699999999983 9.59200000000055 0.0069999999996071 23.4700000000012 0 8.50300000000061 23.3629999999994 11.3119999999999
34.878999999999 15.9744999999994 31.9489999999987 6.33799999999974 0.00400000000081491 24.0949999999993 0 7.91600000000108 25.9789999999994 11.3174999999992 22.6349999999984 9.36499999999978 0.00800000000162981 23.1699999999983 0 7.98999999999978 21.9740000000002 9.70100000000093
34.2170000000006 15.4279999999999 30.8559999999998 6.33100000000013 0.00599999999940337 23.023000000001 0 8.10099999999875 25.137999999999 10.7689999999993 21.5379999999986 9.91899999999987 0.00799999999981083 24.018 0 8.36300000000119 21.726999999999 10.2600000000002
35.2979999999989 16.1750000000002 32.3500000000004 6.59400000000096 0.00599999999940337 23.6110000000008 0 8.19800000000032 25.3040000000001 11.0565000000006 22.1130000000012 9.44100000000071 0.00400000000081491 23.473 0 8.11100000000079 21.5509999999995 10.5640000000003
34.1549999999988 15.6869999999999 31.3739999999998 6.21700000000055 0.00500000000101863 23.6029999999992 0 8.21999999999935 25.8099999999995 11.2584999999999 22.5169999999998 10.0699999999997 0.00599999999940337 22.6020000000008 0 8.06400000000031 21.2019999999993 9.78800000000047
32.9679999999989 14.9335000000001 29.8670000000002 6.74200000000019 0.00600000000122236 24.0609999999997 0 8.0619999999999 24.7039999999997 10.7145 21.4290000000001 9.84799999999996 0.00400000000081491 22.7950000000001 0 7.84299999999894 20.3990000000013 9.60699999999997
34.4140000000007 15.6424999999999 31.2849999999999 6.56099999999969 0.00599999999940337 24.2129999999997 0 8.08799999999974 24.9890000000014 10.8550000000005 21.7100000000009 9.94599999999991 0.00399999999899592 23.2260000000006 0 7.90600000000086 21.6099999999988 9.93000000000029
33.2700000000004 15.027 30.0540000000001 6.26399999999921 0.00500000000101863 22.6939999999995 0 7.94700000000012 24.8449999999993 10.6754999999994 21.3509999999987 9.996000000001 0.0100000000002183 23.5839999999989 0 8.15200000000004 20.9809999999998 9.76499999999942
34.0470000000005 15.3249999999998 30.6499999999996 6.77499999999964 0.00400000000081491 24.0159999999996 0 8.19800000000032 25.6650000000009 10.9484999999995 21.896999999999 9.97799999999916 0.00300000000061118 23.1000000000004 0 7.98099999999977 20.6650000000009 9.88799999999901
33.9129999999986 15.4070000000002 30.8140000000003 6.63100000000122 0.00399999999899592 23.8590000000004 0 8.06400000000031 25.3670000000002 11.1130000000003 22.2260000000006 10.2839999999997 0.00500000000101863 22.5459999999985 0 8.26500000000124 20.9439999999995 10.3889999999992
35.7399999999998 16.2439999999997 32.4879999999994 7.20600000000013 0.00799999999981083 24.7789999999986 0 8.33100000000013 26.5399999999991 11.3070000000007 22.6140000000014 10.4600000000009 0.00499999999919964 23.7920000000013 0 8.28400000000147 21.2289999999994 9.7549999999992
35.2219999999998 15.7179999999998 31.4359999999997 6.91699999999946 0.00400000000081491 24.4919999999984 0 8.3119999999999 26.0110000000004 11.0084999999999 22.0169999999998 9.50300000000061 0.00499999999919964 24.0949999999993 0 8.51300000000083 21.5810000000001 10.625
36.3480000000018 16.5815000000002 33.1630000000005 6.60299999999916 0.00499999999919964 24.9680000000008 0 8.21299999999974 25.9390000000003 11.1790000000001 22.3580000000002 9.77499999999964 0.00400000000081491 25.0349999999999 0 8.49200000000019 22.2700000000004 10.2909999999993
35.2130000000016 16.2294999999995 32.4589999999989 6.51499999999942 0.00399999999899592 25.255000000001 0 8.36200000000099 25.773000000001 11.1859999999997 22.3719999999994 9.8760000000002 0.00499999999919964 25.5679999999993 0 8.41799999999967 21.7810000000009 10.0969999999998
34.5249999999996 15.8419999999996 31.6839999999993 6.45900000000074 0.00500000000101863 24.5419999999995 0 8.01800000000003 25.4779999999992 11.0720000000001 22.1440000000002 9.3760000000002 0.00400000000081491 23.6279999999988 0 8.2510000000002 21.1779999999999 10.2969999999987
35.4490000000005 16.3340000000007 32.6680000000015 6.73600000000079 0.00799999999981083 24.8349999999991 0 8.35200000000077 25.7919999999995 11.192 22.384 9.20499999999993 0.00599999999940337 22.9590000000007 0 8.1190000000006 20.351999999999 9.49700000000121
34.6940000000013 15.6729999999998 31.3459999999995 6.56899999999951 0.00399999999899592 24.7950000000001 0 8.5010000000002 26.021999999999 11.4279999999999 22.8559999999998 10.0619999999999 0.00400000000081491 24.1830000000009 0 8.40099999999984 22.3420000000006 10.5489999999991
35.0370000000003 16.1310000000003 32.2620000000006 6.0729999999985 0.00500000000101863 23.4830000000002 0 8.26200000000063 25.5959999999977 11.1749999999993 22.3499999999985 10.1260000000002 0.00800000000162981 23.619999999999 0 8.31100000000151 21.9149999999972 9.81899999999951
34.7510000000002 15.8510000000006 31.7020000000011 6.29400000000169 0.00599999999758438 23.5580000000009 0 8.2390000000014 25.5889999999999 11.0665000000008 22.1330000000016 10.1649999999972 0.00400000000081491 22.7950000000019 0 8.03199999999924 20.5529999999999 9.78800000000047
36.0720000000001 16.1205000000009 32.2410000000018 6.73300000000017 0.00400000000081491 24.2429999999986 0 8.07700000000114 25.25 10.8700000000008 21.7400000000016 9.39500000000044 0.00400000000081491 23.2739999999976 0 8.17400000000271 20.9349999999977 10.4449999999997
35.0499999999993 15.9439999999995 31.887999999999 6.38999999999942 0.00400000000081491 24.3100000000013 0 8.25799999999799 25.3119999999981 10.9989999999998 21.9979999999996 10.2139999999999 0.00600000000122236 23.5910000000003 0 8.06999999999971 21.1940000000031 9.94799999999668
35.7890000000007 16.2639999999992 32.5279999999984 6.75400000000081 0.00400000000081491 24.4739999999983 0 8.34300000000076 25.5190000000002 10.9994999999999 21.9989999999998 9.29000000000087 0.00600000000122236 23.9889999999978 0 8.20500000000175 21.7719999999972 10.4380000000019
34.987000000001 16.0275000000001 32.0550000000003 6.15799999999945 0.00499999999738066 24.211000000003 0 8.04299999999785 25.4909999999982 11.0644999999986 22.1289999999972 10.3660000000018 0.00999999999839929 24.260000000002 0 8.1339999999982 21.0360000000001 9.82900000000154
35.0020000000004 15.9305000000004 31.8610000000008 6.67900000000009 0.00800000000162981 24.2989999999991 0 8.52999999999884 25.9779999999992 11.1355000000003 22.2710000000006 10.1800000000003 0.00700000000142609 23.0099999999984 0 8.30999999999767 20.7770000000019 10.3379999999997
35.1869999999981 16.0035000000007 32.0070000000014 6.60000000000218 0.00699999999778811 23.2580000000016 0 8.01200000000244 25.1660000000011 10.9259999999995 21.851999999999 10.2249999999985 0.00600000000122236 22.4259999999995 0 7.99699999999939 20.2620000000024 9.82399999999689
34.7799999999988 15.7834999999995 31.5669999999991 6.99200000000201 0.00399999999717693 24.6560000000027 0 8.11300000000119 25.137999999999 10.9804999999997 21.9609999999993 9.67900000000009 0.00500000000101863 23.8460000000014 0 7.88199999999779 21.4310000000005 9.96399999999994
35.0010000000002 15.9944999999989 31.9889999999978 6.39900000000125 0.00399999999717693 23.7360000000008 0 8.15199999999822 25.862000000001 11.1450000000004 22.2900000000009 9.97399999999834 0.00500000000101863 23.2530000000006 0 8.09800000000178 21.2619999999988 10.1059999999998
33.4650000000001 15.2180000000008 30.4360000000015 6.35600000000341 0.00699999999778811 23.7360000000008 0 8.02100000000064 25.143 10.8764999999985 21.752999999997 9.87199999999939 0.00400000000081491 23.9470000000001 0 7.94900000000052 20.7900000000009 9.95099999999729
34.351999999999 15.6144999999997 31.2289999999994 6.58200000000215 0.00500000000101863 23.8249999999971 0 8.05400000000009 25.4700000000012 10.9710000000014 21.9420000000027 9.53899999999703 0.00400000000081491 23.5489999999991 0 8.10300000000279 20.8619999999974 9.86300000000119
35.9609999999993 16.4505000000008 32.9010000000017 6.37700000000041 0.00400000000081491 23.9150000000009 0 8.03799999999683 26.1280000000006 11.246000000001 22.492000000002 9.97699999999895 0.00400000000081491 23.5699999999997 0 8.25599999999758 21.4680000000008 9.72599999999875
34.0159999999996 15.4899999999998 30.9799999999996 6.45700000000215 0.00400000000081491 23.632999999998 0 8.29100000000108 27.0090000000018 11.5770000000011 23.1540000000023 9.27500000000146 0.00399999999717693 23.6130000000012 0 8.00600000000122 22.0570000000007 9.95099999999729
35.385000000002 16.0045000000009 32.0090000000018 6.5669999999991 0.00800000000162981 22.8449999999975 0 7.93600000000151 25.0240000000013 10.7339999999986 21.4679999999971 9.84999999999854 0.00400000000081491 23.2639999999992 0 7.82099999999991 21.1360000000022 9.93699999999808
35.219000000001 15.2634999999991 30.5269999999982 6.1929999999993 0.00400000000081491 23.4549999999981 0 7.95100000000093 25.5410000000011 10.8915000000015 21.7830000000031 9.80299999999988 0.00399999999717693 23.974000000002 0 8.06100000000151 20.7249999999985 10.3040000000001
35.622000000003 16.2124999999996 32.4249999999993 6.84399999999732 0.00400000000081491 24.9429999999993 0 8.08000000000175 25.6190000000024 11.1360000000004 22.2720000000008 9.20000000000073 0.00699999999778811 22.9310000000005 0 8.00200000000041 20.9170000000013 10.0879999999997
34.1660000000011 15.468499999999 30.9369999999981 6.22099999999773 0.00400000000081491 23.0820000000022 0 7.80099999999948 35.7200000000012 10.8350000000003 32.505000000001 10.2649999999994 0.00700000000142609 22.7589999999982 0 7.97800000000279 20.3739999999998 9.56199999999808
33.3590000000004 15.1665000000012 30.3330000000024 6.16599999999744 0.00500000000101863 23.268 0 7.91500000000087 25.211000000003 10.8280000000013 21.6560000000027 9.27199999999721 0.00800000000162981 22.7619999999988 0 8.09600000000137 20.8709999999992 9.35800000000017
