61.0700000000001 28.8885 57.777 11.869 0.01299999999992 54.409 0 14.173 59.181 18.4756666666667 55.427 15.41 0.00599999999997181 30.1800000000001 0 13.848 26.383 16.3050000000001
54.217 25.522 51.044 9.57500000000005 0.00999999999999091 34.268 0 13.9449999999999 59.702 18.7966666666667 56.39 15.5840000000001 0.00699999999983447 30.914 0 13.7830000000001 26.8219999999999 15.8710000000001
53.3440000000001 25.1224999999999 50.2449999999999 9.52099999999996 0.00599999999985812 32.624 0 13.963 58.2639999999999 18.2463333333333 54.739 15.5350000000001 0.00599999999985812 31.6700000000001 0 13.703 26.502 16.152
53.394 25.1420000000001 50.2840000000001 9.67899999999986 0.00600000000008549 33.335 0 14.3099999999999 58.067 18.2190000000001 54.6570000000002 15.3489999999999 0.00600000000008549 30.7429999999999 0 13.943 26.6309999999999 15.8710000000001
53.652 25.2809999999999 50.5619999999999 9.50599999999986 0.00700000000006185 32.2750000000001 0 13.7 58.5479999999998 18.325 54.9749999999999 15.5690000000004 0.00599999999985812 31.6489999999999 0 14.1509999999998 26.7379999999998 15.4780000000001
52.636 24.8165000000001 49.6330000000003 9.58100000000013 0.00599999999985812 31.7000000000003 0 13.598 75.2779999999998 17.898 71.5920000000001 15.3330000000001 0.00800000000026557 31.7859999999996 0 13.5680000000002 27.6149999999998 15.8430000000003
53.018 24.8995000000002 49.7990000000004 9.30999999999995 0.00599999999985812 32.7450000000003 0 13.2470000000003 59.127 18.4956666666667 55.4870000000001 15.8389999999999 0.00800000000026557 30.7729999999997 0 13.2420000000002 27.875 15.8899999999999
52.933 24.9655 49.931 9.83499999999958 0.00700000000006185 32.7170000000001 0 13.2719999999999 57.8589999999999 18.0653333333333 54.1959999999999 15.4769999999999 0.00799999999981083 32.1410000000001 0 14.4400000000001 29.2710000000002 16.2239999999997
51.4100000000003 24.2090000000001 48.4180000000001 9.27799999999979 0.00600000000031287 33.4959999999996 0 13.5140000000001 59.4170000000004 18.5280000000001 55.5840000000003 15.672 0.00599999999985812 31.1129999999998 0 14.2429999999999 26.799 16.2360000000003
52.25 24.5974999999999 49.1949999999997 9.77100000000019 0.00599999999985812 33.3049999999998 0.00100000000020373 13.3000000000002 57.7290000000003 18.0143333333332 54.0429999999997 15.9059999999999 0.00599999999985812 30.596 0 13.7330000000002 27.2429999999999 15.511
55.7589999999996 26.2969999999998 52.5939999999996 10.3740000000007 0.00799999999981083 34.7889999999998 0 15.5309999999999 59.2039999999997 18.4803333333336 55.4410000000007 15.5570000000007 0.00900000000001455 32.4019999999991 0 14.4870000000001 26.6890000000003 16.5
53.451 25.3145 50.6289999999999 9.64299999999912 0.00700000000051659 35.7049999999999 0 14.9849999999997 84.5860000000002 20.2169999999999 80.8679999999995 15.6980000000003 0.00999999999930878 32.0470000000005 0 13.9280000000008 27.7739999999994 16.643
59.2700000000004 28.1559999999999 56.3119999999999 11.4969999999994 0.00700000000051659 41.183 0 15.8029999999999 88.3139999999994 21.0907500000001 84.3630000000003 16.5700000000006 0.0069999999996071 33.4290000000001 0 14.1899999999996 30.1080000000002 16.2709999999997
55.7399999999998 26.1469999999999 52.2939999999999 9.52399999999943 0.00700000000051659 33.616 0 13.6639999999998 60.2479999999996 18.8193333333335 56.4580000000005 16.0750000000007 0.0069999999996071 31.2039999999997 0 14.2609999999995 27.6689999999999 17.1840000000002
56.8000000000002 26.8344999999999 53.6689999999999 9.91399999999976 0.00700000000051659 33.7869999999994 0 14.1959999999999 59.04 18.4203333333335 55.2610000000004 16.518 0.00799999999981083 31.9610000000002 0 15.2059999999992 28.8960000000006 18.5039999999999
56.5949999999993 26.75 53.5 10.2240000000002 0.00799999999981083 33.5480000000007 0 13.6710000000003 80.1930000000002 19.16425 76.6570000000002 16.7619999999997 0.00700000000051659 33.2289999999994 0.00100000000020373 14.2290000000003 27.9030000000002 17.2399999999998
53.366 25.0945000000002 50.1890000000003 9.76899999999932 0.00600000000031287 31.4110000000001 0 13.9639999999999 57.4790000000003 17.9486666666665 53.8459999999995 16.3180000000002 0.00600000000031287 30.5819999999994 0 13.5349999999999 26.7199999999993 15.7890000000007
53.1899999999996 24.9429999999998 49.8859999999995 9.93900000000031 0.0069999999996071 32.0680000000002 0 13.0169999999998 55.3739999999998 17.1956666666665 51.5869999999995 15.5129999999999 0.00799999999981083 29.9369999999999 0 13.0290000000005 25.3599999999997 14.9960000000001
52.3450000000003 24.645 49.29 9.59799999999996 0.00599999999940337 31.0700000000006 0 12.598 57.5299999999997 17.9156666666668 53.7470000000003 15.9840000000004 0.0069999999996071 29.7480000000005 0 13.1689999999999 25.2650000000003 14.857
52.1330000000007 24.5335 49.067 9.25399999999991 0.00900000000001455 31.1049999999996 0 13.0439999999999 57.3199999999997 17.8553333333333 53.5659999999998 16.3460000000005 0.00900000000001455 30.3639999999996 0 13.8770000000004 27.4539999999997 16.4380000000001
53.4659999999994 25.2219999999998 50.4439999999995 10.0260000000007 0.00799999999981083 32.7190000000001 0 13.7060000000001 56.8119999999999 17.7669999999998 53.3009999999995 16.5699999999997 0.00700000000051659 30.3599999999997 0 13.1410000000005 26.1089999999995 15.2060000000001
54.2170000000006 25.5255000000002 51.0510000000004 10.4919999999993 0.00700000000051659 33.0659999999998 0 14.1469999999999 57.3989999999994 17.9580000000002 53.8740000000007 15.8430000000008 0.0069999999996071 30.3760000000002 0 13.4889999999996 26.857 15.3790000000008
55.0300000000007 25.9485000000004 51.8970000000008 9.33399999999892 0.0069999999996071 32.6950000000015 0 13.5650000000005 57.5779999999995 17.9326666666663 53.7979999999989 16.1489999999994 0.0069999999996071 32.4200000000001 0 14.1819999999989 27.3019999999997 17.2139999999999
55.1949999999997 25.982 51.9639999999999 9.96099999999933 0.0069999999996071 32.6769999999997 0 13.7839999999997 58.3250000000007 18.2196666666666 54.6589999999997 15.9869999999992 0.00600000000122236 31.4069999999992 0 14.3040000000001 26.857 17.3379999999997
53.0190000000002 24.8535000000002 49.7070000000003 9.625 0.0069999999996071 33.2139999999999 0 13.7160000000003 57.4390000000003 17.9476666666663 53.8429999999989 16.5339999999997 0.00799999999981083 32.5780000000013 0 14.4699999999993 35.3220000000001 18.5409999999993
55.866 26.4814999999999 52.9629999999997 9.61800000000039 0.0069999999996071 36.2839999999997 0 14.5030000000006 57.4490000000005 17.9453333333331 53.8359999999993 15.9159999999993 0.00599999999940337 33.2180000000008 0 14.6380000000008 27.2559999999994 14.9060000000009
55.7889999999989 26.4075000000003 52.8150000000005 10.7399999999998 0.00800000000162981 33.8549999999996 0 14.2759999999998 78.3199999999997 18.7102500000001 74.8410000000003 16.1020000000008 0.00599999999940337 31.6630000000005 0 14.5360000000001 27.9210000000003 16.5840000000007
54.485999999999 25.6895000000004 51.3790000000008 10.6680000000015 0.00900000000001455 34.1119999999992 0 14.4570000000003 58.646999999999 18.402 55.2060000000001 16.3539999999994 0.00800000000162981 33.1459999999988 0 14.5680000000011 28.3529999999992 17.8180000000011
56.6630000000005 26.8234999999995 53.646999999999 10.3999999999996 0.0069999999996071 34.2919999999995 0 14.5849999999991 59.6170000000002 18.6980000000003 56.094000000001 16.094000000001 0.00799999999981083 31.0499999999993 0 13.3689999999988 27.0900000000001 15.5720000000001
54.4079999999994 25.7404999999999 51.4809999999998 10.402 0.00799999999981083 33.0949999999993 0 12.9030000000002 58.1599999999999 18.1390000000004 54.4170000000013 16.8870000000006 0.0069999999996071 34.2800000000007 0 14.6389999999992 28.5700000000015 17.8499999999985
57.7519999999986 27.3029999999999 54.6059999999998 9.84200000000055 0.00799999999981083 33.732 0 14.0169999999998 57.0630000000001 17.9003333333336 53.7010000000009 16.607 0.00900000000001455 32.8090000000011 0 14.6229999999996 27.8760000000002 15.2520000000004
57.5290000000005 27.2059999999992 54.4119999999984 10.6710000000003 0.00599999999940337 33.5670000000009 0 14.3240000000005 60.148000000001 18.7983333333329 56.3949999999986 16.4639999999999 0.0069999999996071 32.7440000000006 0 14.6779999999999 28.7070000000003 17.6970000000001
56.5749999999989 26.7304999999997 53.4609999999993 9.94499999999971 0.00900000000001455 34.0850000000009 0 14.3719999999994 61.1090000000004 19.138666666667 57.4160000000011 16.6110000000008 0.0100000000002183 33.1529999999984 0 14.8639999999996 27.8809999999994 18.1670000000013
56.2470000000012 26.5985000000001 53.1970000000001 10.1880000000001 0.0069999999996071 34.0969999999998 0 14.607 60.2909999999993 18.8640000000002 56.5920000000006 16.2780000000002 0.0069999999996071 31.4290000000001 0 13.6740000000009 27.8119999999999 15.7439999999988
57.130000000001 27.0244999999995 54.0489999999991 10.357 0.00799999999981083 33.5560000000005 0 14.7219999999998 59.3399999999983 18.5976666666666 55.7929999999997 17.1090000000004 0.0069999999996071 33.7490000000016 0 14.8220000000001 28.5190000000002 17.9930000000004
56.4580000000005 26.7140000000009 53.4280000000017 10.0779999999995 0.00600000000122236 33.851999999999 0 13.5839999999989 59.3490000000002 18.5440000000005 55.6320000000014 16.4149999999991 0.0069999999996071 32.8950000000004 0 14.639000000001 28.527 17.1689999999999
57.0490000000009 26.9639999999999 53.9279999999999 10.2259999999987 0.00700000000142609 33.7779999999984 0 13.9619999999995 60.5329999999994 18.9390000000003 56.8170000000009 16.4680000000008 0.0100000000002183 32.8649999999998 0 14.3209999999999 28.2049999999999 17.4400000000005
56.0789999999997 26.4544999999998 52.9089999999997 10.4679999999989 0.00700000000142609 32.5899999999983 0 13.9300000000003 60.3449999999993 18.8879999999996 56.6639999999989 16.5519999999997 0.011000000000422 33.5299999999988 0 14.4100000000017 28.2479999999996 17.3189999999995
54.7579999999998 25.8690000000006 51.7380000000012 9.77200000000084 0.0129999999990105 33.607 0 14.1999999999989 58.0319999999992 18.0373333333337 54.112000000001 15.4670000000006 0.0069999999996071 31.9510000000009 0 14.1800000000003 27.7749999999996 17.4680000000008
55.6329999999998 26.2929999999997 52.5859999999993 9.85100000000057 0.00799999999981083 33.7579999999998 0 13.7600000000002 56.2729999999992 17.5360000000001 52.6080000000002 16.4260000000013 0.0159999999996217 32.6659999999993 0 14.0139999999992 27.3410000000003 16.9969999999994
54.5690000000013 25.7349999999997 51.4699999999993 9.76699999999983 0.0069999999996071 33.125 0.00100000000020373 13.5830000000005 76.3429999999989 18.1555000000003 72.6220000000012 16.4110000000001 0.0069999999996071 31.978000000001 0 14.1680000000015 28.0029999999988 16.8109999999997
53.0119999999988 24.8975 49.7950000000001 10.1180000000004 0.0069999999996071 31.5500000000011 0 13.6720000000005 58.3220000000001 18.274 54.8220000000001 15.9830000000002 0.0069999999996071 31.8019999999997 0 14.3019999999997 28.2739999999994 17.2950000000001
53.0589999999993 24.893 49.7860000000001 9.02100000000064 0.0100000000002183 31.1829999999991 0 12.8500000000004 75.6089999999986 18.00425 72.0169999999998 16.0460000000003 0.0069999999996071 33.5200000000004 0 14.5789999999997 28.2330000000002 17.1610000000001
56.1440000000002 26.4439999999995 52.887999999999 9.53100000000086 0.00599999999940337 32.5509999999995 0 13.4389999999985 58.2019999999993 18.2009999999997 54.6029999999992 15.8470000000016 0.0069999999996071 30.1880000000001 0 13.2779999999984 26.2219999999998 15.3549999999996
55.7740000000013 26.2829999999994 52.5659999999989 9.4320000000007 0.00599999999758438 32.7160000000003 0 12.6399999999994 56.5049999999974 17.6253333333334 52.8760000000002 15.9020000000019 0.00799999999799184 31.5770000000011 0 19.0089999999982 32.3770000000004 17.9130000000005
54.2850000000035 25.6064999999999 51.2129999999997 10.232 0.00699999999778811 34.643 0 14.2559999999976 59.5279999999984 18.5753333333341 55.7260000000024 16.5509999999995 0.00900000000183354 33.6999999999971 0 14.6339999999982 28.5370000000003 17.7790000000023
56.9890000000014 26.959499999999 53.9189999999981 10.1269999999968 0.00600000000122236 34.6899999999987 0 14.2560000000012 60.0909999999967 18.7733333333332 56.3199999999997 15.854000000003 0.00899999999819556 33.1310000000012 0 14.0970000000016 28.3909999999996 17.7439999999988
57.4160000000011 27.2314999999999 54.4629999999997 10.3299999999981 0.00900000000183354 33.905999999999 0 13.7260000000024 57.5809999999983 18.0253333333336 54.0760000000009 16.5780000000013 0.00600000000122236 32.1099999999969 0 14.6130000000012 27.7469999999994 17.6359999999986
55.9609999999993 26.4084999999995 52.8169999999991 9.91600000000108 0.00699999999778811 33.6940000000031 0 13.7999999999993 58.6490000000013 18.4123333333337 55.237000000001 16.0159999999996 0.00700000000142609 32.3629999999976 0 14.2249999999985 27.9320000000007 17.4429999999993
55.2079999999987 26.0254999999997 52.0509999999995 10.2870000000003 0.00800000000162981 33.7119999999995 0 13.7690000000002 56.9830000000002 17.8686666666666 53.6059999999998 15.7429999999986 0.00600000000122236 31.3909999999996 0 13.75 27.768 16.6970000000001
85.8489999999983 27.5646666666665 82.6939999999995 10.4180000000015 0.00699999999778811 33.3220000000001 0 13.7119999999995 59.0310000000027 18.4043333333332 55.2129999999997 15.9779999999992 0.00899999999819556 31.857 0 14.6320000000014 27.7439999999988 17.6470000000008
55.1319999999978 26.0740000000005 52.148000000001 10.143 0.00700000000142609 33.0949999999975 0 13.7750000000015 59.1709999999985 18.5563333333339 55.6690000000017 16.8689999999988 0.00700000000142609 31.5849999999991 0 14.2720000000008 27.4759999999987 17.6810000000005
55.9029999999984 26.2459999999992 52.4919999999984 10.4010000000017 0.00699999999778811 33.3770000000004 0 14.2309999999998 58.4639999999999 18.3576666666668 55.0730000000003 16.9599999999991 0.00600000000122236 32.2959999999985 0 14.5139999999992 28.2129999999997 17.7000000000007
54.6929999999993 25.3019999999997 50.6039999999994 9.74099999999817 0.00700000000142609 32.775999999998 0 14.0910000000003 59.4710000000014 18.4689999999997 55.4069999999992 15.6759999999995 0.00600000000122236 32.3549999999996 0 14.104000000003 28.6999999999971 15.2790000000023
56.4719999999979 26.3024999999998 52.6049999999996 11.2000000000007 0.00700000000142609 33.8369999999995 0 13.8719999999994 58.3889999999992 18.2036666666669 54.6110000000008 16.2380000000012 0.00799999999799184 31.7070000000022 0 14.5159999999996 27.5460000000021 17.5420000000013
55.8889999999992 26.4825000000001 52.9650000000001 9.94100000000253 0.00699999999778811 33.2690000000002 0 13.648000000001 58.1080000000002 18.1580000000007 54.474000000002 16.4799999999996 0.00600000000122236 31.6810000000005 0 14.1720000000023 27.6349999999984 17.612000000001
55.0750000000007 26.0029999999988 52.0059999999976 10.6499999999978 0.00700000000142609 33.5249999999978 0 13.8679999999986 56.6809999999969 17.7763333333338 53.3290000000015 16.0490000000027 0.00699999999778811 33.1880000000019 0 14.8909999999996 28.1280000000006 17.6900000000023
53.8839999999982 25.3544999999995 50.7089999999989 9.9220000000023 0.00899999999819556 33.3379999999997 0 14.2589999999982 58.8789999999972 18.3549999999996 55.0649999999987 16.3199999999997 0.00900000000183354 33.275999999998 0 14.8369999999995 28.0139999999992 17.7150000000001
56.9160000000011 26.8720000000012 53.7440000000024 10.8349999999991 0.00800000000162981 33.3940000000002 0 12.8509999999987 77.4409999999989 18.4974999999995 73.989999999998 16.2659999999996 0.00700000000142609 32.9569999999985 0 14.7029999999977 28.6310000000012 17.8830000000016
56.6359999999986 26.8165000000008 53.6330000000016 10.7620000000024 0.00699999999778811 34.2080000000024 0 13.5789999999979 57.893 18.0853333333325 54.2559999999976 16.4069999999992 0.00799999999799184 32.5750000000007 0 14.7549999999974 28.6310000000012 17.5610000000015
53.900999999998 25.3435000000009 50.6870000000017 10.260000000002 0.00899999999819556 33.0849999999991 0 14.226999999999 58.4850000000006 18.2650000000006 54.7950000000019 16.8830000000016 0.0119999999988067 32.8489999999983 0 14.5809999999983 29.1670000000013 17.7890000000007
56.2360000000008 26.4670000000006 52.9340000000011 10.1349999999984 0.00900000000183354 32.7599999999984 0 14.5429999999978 58.4830000000002 18.2249999999998 54.6749999999993 16.0360000000001 0.00600000000122236 31.4439999999995 0 14.2390000000014 29.5349999999999 17.5499999999993
53.4279999999999 25.2489999999998 50.4979999999996 10.3220000000001 0.00599999999758438 34.2040000000015 0 14.7860000000001 57.6769999999997 18.03 54.0900000000001 16.2069999999985 0.00700000000142609 32.4710000000014 0 14.7900000000009 27.8279999999977 17.9540000000015
56.9110000000001 26.9499999999989 53.8999999999978 10.3369999999995 0.0119999999988067 34.8729999999996 0 14.6159999999982 58.1399999999994 18.2153333333335 54.6460000000006 16.5499999999993 0.00700000000142609 32.3169999999991 0 14.6710000000021 28.6839999999975 17.6570000000029
55.4089999999997 26.2714999999989 52.5429999999978 9.86599999999817 0.00900000000183354 32.9799999999996 0 14.4000000000015 58.9700000000012 18.4633333333331 55.3899999999994 15.9989999999998 0.00700000000142609 33.2719999999972 0 14.9759999999987 29.260000000002 17.5149999999994
55.4940000000024 26.2275000000009 52.4550000000017 10.5489999999991 0.00800000000162981 33.3729999999996 0 15.094000000001 58.3499999999985 18.2579999999992 54.7739999999976 16.4029999999984 0.00800000000162981 33.9019999999982 0 14.8209999999999 28.2429999999986 18.0270000000019
55.4680000000008 26.0939999999991 52.1879999999983 10.3559999999998 0.00899999999819556 33.7170000000006 0 14.4430000000029 57.0430000000015 17.8350000000003 53.505000000001 16.3679999999986 0.00700000000142609 31.9969999999994 0 14.6610000000001 28.7659999999996 17.3760000000002
53.0699999999997 25.0460000000003 50.0920000000006 9.73500000000058 0.00599999999758438 33.1600000000035 0 14.380000000001 59.7469999999994 18.6740000000003 56.0220000000008 16.2640000000029 0.00799999999799184 32.6059999999998 0 14.4239999999991 27.9429999999993 15.0060000000012
57.2090000000026 27.1329999999998 54.2659999999996 10.5449999999983 0.00700000000142609 35.1110000000008 0 14.4969999999994 59.5959999999977 18.6433333333334 55.9300000000003 16.7080000000024 0.00699999999778811 30.7040000000015 0 13.3799999999974 27.2700000000004 15.9959999999992
53.6370000000024 25.3919999999998 50.7839999999997 9.58899999999994 0.00999999999839929 34.3610000000008 0 14.0200000000004 57.0509999999995 17.8653333333338 53.5960000000014 16.7620000000024 0.00699999999778811 33.5790000000015 0 14.7540000000008 30.1990000000005 17.3739999999998
55.5339999999997 26.317500000001 52.635000000002 10.4099999999999 0.0119999999988067 35.2030000000013 0 14.5960000000014 59.3899999999994 18.5963333333336 55.7890000000007 16.6009999999987 0.00600000000122236 34.7559999999976 0.00100000000020373 15.5789999999979 28.5120000000024 17.6879999999983
57.5460000000021 27.1299999999992 54.2599999999984 10.3969999999972 0.00700000000142609 34.0220000000008 0 14.4910000000018 58.8790000000008 18.4753333333332 55.4259999999995 16.5139999999992 0.010999999998603 31.2930000000015 0 14.7080000000024 27.8430000000008 15.6679999999978
57.0460000000021 27.0190000000002 54.0380000000005 10.3080000000009 0.00699999999778811 33.2400000000016 0 14.224000000002 58.6419999999998 18.3566666666666 55.0699999999997 16.2989999999991 0.00700000000142609 33.4259999999995 0 14.6980000000003 28.3489999999983 17.6800000000003
54.4750000000022 25.6869999999999 51.3739999999998 10.0540000000001 0.00899999999819556 34.4080000000031 0 14.4880000000012 59.3209999999999 18.498333333333 55.494999999999 16.4809999999998 0.00999999999839929 32.8040000000001 0 14.8050000000003 28.6499999999978 17.6210000000028
52.030999999999 24.4675000000007 48.9350000000013 10.1660000000011 0.00899999999819556 32.5280000000021 0 13.9249999999993 56.0610000000015 17.4060000000003 52.2180000000008 16.0099999999984 0.00600000000122236 32.4559999999983 0 14.3580000000002 27.5920000000006 17.375
52.7910000000011 24.6380000000008 49.2760000000017 10.5699999999997 0.00700000000142609 33.5760000000009 0 14.2560000000012 57.1310000000012 17.8063333333327 53.4189999999981 16.1059999999998 0.00699999999778811 31.3349999999991 0 13.9969999999994 27.4840000000004 17.0750000000007
51.6980000000003 24.3524999999991 48.7049999999981 9.9989999999998 0.00999999999839929 33.2060000000019 0 14.0300000000025 57.2210000000014 17.8446666666666 53.5339999999997 16.0600000000013 0.00699999999778811 32.1290000000008 0 14.4550000000017 27.7669999999998 17.8869999999988
52.9079999999994 24.8595000000005 49.719000000001 9.89999999999782 0.00700000000142609 35.0720000000001 0 14.1360000000022 57.7439999999988 18.024 54.0720000000001 16.5390000000007 0.00700000000142609 32.7589999999982 0 14.6539999999986 27.5550000000003 17.4799999999996
53.4150000000009 25.0630000000001 50.1260000000002 9.83799999999974 0.00700000000142609 33.1640000000007 0 13.9989999999998 57.2349999999969 17.9440000000007 53.8320000000022 16.0590000000011 0.00999999999839929 31.7800000000025 0 14.599000000002 27.3349999999991 17.7669999999998
52.3280000000013 24.6605 49.3209999999999 10.1359999999986 0.00600000000122236 34.7199999999975 0 14.4110000000001 57.474000000002 17.9756666666666 53.9269999999997 16.2209999999977 0.00700000000142609 32.7510000000002 0 14.8310000000019 27.7560000000012 17.625
53.8260000000009 25.3654999999999 50.7309999999998 10.0760000000009 0.00599999999758438 33.4290000000001 0 13.9840000000004 57.1090000000004 17.7983333333335 53.3950000000004 15.6270000000004 0.00699999999778811 32.0410000000011 0 14.5869999999995 29.525999999998 18.4770000000026
55.6460000000006 26.2899999999991 52.5799999999981 10.0640000000021 0.00699999999778811 32.9960000000028 0 14.2489999999998 58.5800000000017 18.2930000000003 54.8790000000008 15.8909999999996 0.00799999999799184 30.635000000002 0 13.2690000000002 25.494999999999 13.8909999999996
54.3189999999995 25.7255000000005 51.4510000000009 9.90100000000166 0.00700000000142609 33.3169999999991 0 14.2829999999994 56.8489999999983 17.7393333333336 53.2180000000008 16.0010000000002 0.00600000000122236 32.8319999999985 0 15.1219999999994 28.5020000000004 17.6660000000011
53.0589999999975 25.0524999999998 50.1049999999996 9.78600000000006 0.00700000000142609 33.8590000000004 0 14.2849999999999 57.7520000000004 17.9536666666669 53.8610000000008 16.3159999999989 0.00599999999758438 31.6960000000036 0 14.5550000000003 27.2459999999992 17.2400000000016
52.7299999999996 24.7890000000007 49.5780000000013 9.61000000000058 0.00900000000183354 31.1789999999964 0 12.387999999999 54.3340000000026 16.9200000000007 50.760000000002 15.4719999999979 0.00600000000122236 30.4249999999993 0 12.7479999999996 25.8510000000024 13.5439999999981
52.8350000000028 24.9565000000002 49.9130000000005 9.33099999999831 0.00700000000142609 31.5449999999983 0 13.0600000000013 54.505000000001 16.9430000000005 50.8290000000015 15.4589999999989 0.00800000000162981 31.8129999999983 0 14.375 28.0980000000018 17.1209999999992
52.9860000000008 24.9785000000011 49.9570000000022 9.74799999999959 0.00900000000183354 32.1049999999996 0 14.0649999999987 57.75 18.0626666666673 54.1880000000019 15.6949999999997 0.00800000000162981 32.0249999999978 0 14.1680000000015 27.1469999999972 17.5090000000018
53.4350000000013 25.0205000000005 50.0410000000011 10.2150000000001 0.00699999999778811 33.3729999999996 0 13.7049999999981 58.7829999999994 18.4286666666667 55.2860000000001 16.5299999999988 0.00999999999839929 31.2000000000007 0 14.5060000000012 27.4650000000001 17.5369999999966
54.8770000000004 25.9984999999997 51.9969999999994 9.7589999999982 0.00900000000183354 33.0699999999997 0 14.0519999999997 54.0919999999969 16.8866666666666 50.6599999999999 15.8919999999998 0.0100000000020373 29.8009999999995 0 12.6860000000015 25.7369999999974 13.6210000000028
51.862000000001 24.4195 48.8389999999999 10.3539999999994 0.00699999999778811 33.4060000000027 0 13.8960000000006 57.1369999999952 17.8863333333356 53.6590000000069 15.7990000000063 0.00699999999778811 31.9040000000023 0 14.5679999999993 27.6630000000005 17.8680000000022
52.6860000000015 24.8269999999975 49.653999999995 10.0550000000003 0.00600000000122236 31.3399999999965 0 12.4060000000027 56.2010000000009 17.5316666666671 52.5950000000012 16.2940000000017 0.00600000000122236 32.5169999999998 0 14.2010000000009 28.4329999999973 17.122000000003
53.7510000000038 25.4089999999997 50.8179999999993 9.86000000000058 0.00699999999778811 32.9470000000001 0 14.9449999999997 58.0460000000021 18.1316666666656 54.3949999999968 16.0469999999987 0.00699999999778811 31.6200000000026 0 14.4809999999998 27.984000000004 17.2309999999998
52.9860000000044 24.9405000000006 49.8810000000012 9.86599999999453 0.00700000000506407 31.8810000000012 0 13.9389999999985 56.6339999999982 17.6700000000007 53.010000000002 15.7710000000006 0.00700000000506407 31.8309999999983 0 14.4959999999992 27.4249999999956 17.3510000000024
55.0339999999997 25.9944999999971 51.9889999999941 9.82800000000134 0.00699999999778811 34.2229999999981 0 13.8459999999977 58.6739999999991 18.257666666667 54.773000000001 16.5169999999998 0.00699999999778811 33.2870000000039 0 14.2009999999937 29.3130000000019 17.8689999999988
53.8990000000049 25.4470000000001 50.8940000000002 9.75299999999697 0.00699999999778811 33.5580000000045 0 14.1240000000034 55.6789999999964 17.3873333333346 52.1620000000039 16.6240000000034 0.00899999999819556 32.2620000000024 0 14.5800000000017 28.4219999999987 17.1960000000036
54.265999999996 25.7099999999991 51.4199999999983 9.87800000000425 0.00699999999778811 32.1319999999978 0 13.8870000000024 56.5279999999984 17.6423333333344 52.9270000000033 15.5279999999984 0.00800000000162981 31.7790000000023 0 14.2419999999984 28.4630000000034 17.3179999999993
53.0789999999979 24.9665000000023 49.9330000000045 9.56800000000658 0.00699999999778811 33.0120000000024 0 13.9300000000003 56.6119999999937 17.7263333333321 53.1789999999964 16.0910000000003 0.00700000000506407 32.6559999999954 0 14.323000000004 26.8919999999998 17.4449999999997
52.4539999999979 24.7210000000014 49.4420000000027 10.4919999999984 0.00600000000122236 33.7850000000035 0 14.4130000000005 57.9119999999966 18.104333333334 54.3130000000019 15.5570000000007 0.00699999999778811 29.8300000000017 0 13.211000000003 26.2209999999977 13.9700000000012
55.4230000000025 26.1549999999988 52.3099999999977 9.25699999999779 0.00600000000122236 31.362000000001 0 12.4159999999974 55.4949999999953 17.3013333333341 51.9040000000023 16.1440000000002 0.00700000000506407 31.788999999997 0 14.3799999999974 27.773000000001 17.7099999999991
52.7229999999981 24.8159999999989 49.6319999999978 9.74300000000221 0.00699999999778811 33.3020000000033 0 13.9969999999958 57.1189999999988 17.8763333333336 53.6290000000008 15.9010000000053 0.00699999999778811 33.8910000000033 0 14.3280000000013 28.9119999999966 17.3450000000012
