75.199 35.888 71.776 15.442 0.0139999999999816 59.071 0 18.34 49.233 22.65 45.3 19.144 0.007000000000005 37.825 0 17.021 30.797 17.647
68.3 32.4335 64.867 11.873 0.00699999999994816 39.431 0 16.836 48.5849999999999 22.382 44.764 18.591 0.01400000000001 35.5840000000001 0 16.3349999999999 32.0600000000001 17.543
61.1510000000001 29.016 58.0319999999999 13.318 0.0149999999998727 40.7630000000001 0 17.671 68.7059999999999 21.5 64.5 18.8100000000002 0.0139999999998963 38.816 0 20.6600000000001 33.9459999999999 19.3910000000001
70.8610000000001 33.6825 67.365 12.24 0.00699999999983447 39.558 0 21.3779999999999 51.8420000000001 24.0954999999999 48.1909999999998 19.4779999999998 0.0130000000001473 35.9639999999999 0 17.4580000000001 32.7729999999999 18.2540000000001
72.1089999999999 34.4015000000001 68.8030000000001 14.883 0.0130000000001473 39.3159999999998 0 18.627 47.2470000000001 21.7505 43.501 20.0569999999998 0.0140000000001237 39.9809999999998 0 18.5129999999999 33.9629999999997 21.0080000000003
62.1759999999999 29.519 59.038 13.3800000000001 0.0160000000000764 37.8609999999999 0 16.393 46.8120000000004 21.4069999999999 42.8139999999999 20.105 0.0149999999998727 36.5889999999999 0 19.5999999999999 37.7140000000004 17.9219999999996
64.8180000000002 30.7745000000002 61.5490000000004 12.7669999999998 0.00900000000001455 43.5050000000001 0 17.5080000000003 50.7249999999999 23.2149999999999 46.4299999999998 18.7849999999999 0.00600000000031287 36.3319999999999 0 16.1210000000001 33.614 19.3020000000001
69.2159999999999 32.8655000000001 65.7310000000002 14.5989999999997 0.00700000000006185 38.8900000000003 0 16.7069999999999 49.3449999999998 22.867 45.7339999999999 21.4209999999998 0.0150000000003274 38.7459999999996 0 17.6350000000002 31.9319999999998 18.2530000000002
65.2280000000001 31.1255000000001 62.2510000000002 13.0419999999999 0.0160000000000764 44.6660000000002 0 18.0940000000001 48.0050000000001 22.2045000000001 44.4090000000001 21.471 0.0169999999998254 41.2070000000003 0 18.0710000000004 31.2689999999998 18.527
60.8130000000001 28.9334999999999 57.8669999999997 13.0810000000001 0.00700000000006185 41.2439999999997 0 17.5990000000002 67.0249999999996 21.0743333333332 63.2229999999995 19.9620000000004 0.00900000000001455 39.6260000000002 0 16.9399999999996 32.7350000000006 17.4849999999997
58.3710000000001 27.529 55.058 13.9279999999999 0.0150000000003274 35.8809999999994 0 16.5349999999999 49.6320000000005 22.7049999999999 45.4099999999999 18.7509999999993 0.01299999999992 41.4660000000003 0 17.8820000000005 36.3509999999997 20.143
65.8790000000008 31.0194999999999 62.0389999999998 13.2699999999995 0.0140000000001237 39.7629999999999 0 16.8729999999996 74.5309999999999 23.3980000000001 70.1940000000004 20.1080000000002 0.00700000000051659 35.3639999999996 0 16.9309999999996 31.2340000000004 18.2309999999998
70.2579999999998 33.6664999999998 67.3329999999996 12.9439999999995 0.01299999999992 39.5840000000007 0 16.6350000000002 45.0129999999999 20.6460000000002 41.2920000000004 19.973 0.00800000000072032 37.7269999999999 0 16.9009999999998 31.0129999999999 16.4949999999999
59.0449999999992 27.7535000000003 55.5070000000005 12.9240000000009 0.0139999999992142 38.6199999999999 0 16.9170000000004 47.4690000000001 21.7514999999999 43.5029999999997 19.6760000000004 0.00799999999981083 40.2240000000002 0 19.7529999999997 34.9440000000004 18.3310000000001
65.4499999999998 30.8795 61.759 12.884 0.0150000000003274 38.4470000000001 0 19.3090000000002 54.9580000000005 25.078 50.1559999999999 19.6959999999999 0.00799999999981083 36.0479999999998 0 19.0770000000002 33.2619999999997 19.5810000000001
68.6489999999994 32.3655000000003 64.7310000000007 14.9660000000003 0.00799999999981083 37.5079999999998 0 16.4279999999999 45.1330000000007 20.7440000000001 41.4880000000003 20.0219999999999 0.0159999999996217 41.9480000000003 0 19.4399999999996 33.2370000000001 18.9380000000001
64.5059999999994 30.5929999999998 61.1859999999997 11.768 0.00700000000051659 35.8779999999997 0 15.259 43.4049999999997 19.7580000000003 39.5160000000005 18.018 0.0150000000003274 36.6049999999996 0 16.5060000000003 33.482 17.8159999999998
59.0689999999995 27.8925000000004 55.7850000000008 12.29 0.0160000000005311 35.692 0 15.3000000000002 44.3240000000005 19.9425000000001 39.8850000000002 20.3209999999999 0.00799999999981083 34.8140000000003 0 15.4499999999998 30.6660000000002 17.5259999999998
59.3830000000007 27.9569999999999 55.9139999999998 11.2929999999997 0.00799999999981083 36.2840000000006 0 16.0740000000005 47.7929999999997 21.6035000000002 43.2070000000003 17.8649999999998 0.00700000000051659 34.3639999999996 0 17.1509999999998 30.25 19.6459999999997
67.0619999999999 31.8815 63.7629999999999 12.4079999999994 0.0160000000005311 38.683 0 17.0450000000001 48.5670000000009 21.9889999999996 43.9779999999992 18.6229999999996 0.0139999999992142 34.625 0 16.2520000000004 28.8999999999996 17.2459999999992
58.6630000000005 27.7879999999996 55.5759999999991 11.896999999999 0.0140000000010332 35.3639999999996 0 15.6630000000005 67.1599999999999 20.8723333333334 62.6170000000002 19.1319999999996 0.0149999999994179 38.4340000000011 0 19.1530000000002 33.9840000000004 19.2620000000006
65.523000000001 31.0989999999993 62.1979999999985 11.905999999999 0.00700000000142609 38.8389999999999 0 18.0120000000006 75.1859999999997 23.6493333333334 70.9480000000003 18.5480000000007 0.00900000000001455 34.9079999999994 0 15.7880000000005 30.8079999999991 19.8340000000007
72.2240000000002 34.2730000000001 68.5460000000003 11.5290000000005 0.0139999999992142 36.7910000000011 0 15.8320000000003 45.1929999999993 20.6835000000001 41.3670000000002 17.8359999999993 0.00799999999981083 37.7970000000005 0 16.5769999999993 31.4620000000014 17.771999999999
62.116 29.3179999999993 58.6359999999986 12.5969999999998 0.00900000000001455 37.2250000000004 0 17.3180000000011 45.2080000000005 20.5545000000002 41.1090000000004 18.6440000000002 0.0069999999996071 34.2639999999992 0 16.5830000000005 30.5249999999996 17.280999999999
59.6229999999996 27.9780000000001 55.9560000000001 11.5840000000007 0.0149999999994179 34.2060000000001 0 15.0879999999997 44.9220000000005 20.4750000000004 40.9500000000007 20.0450000000001 0.00799999999981083 34.6460000000006 0 15.4589999999989 30.598 17.9179999999997
60.2290000000012 28.5479999999998 57.0959999999995 11.7639999999992 0.0140000000010332 39.6880000000001 0 16.6499999999996 42.1530000000002 19.2700000000004 38.5400000000009 19.6899999999987 0.0069999999996071 35.1580000000013 0 18.0320000000011 32.2759999999998 17.9799999999996
58.8009999999995 27.8945000000003 55.7890000000007 10.4830000000002 0.00799999999981083 35.353000000001 0 16.232 47.6649999999991 21.6970000000001 43.3940000000002 18.2489999999998 0.00700000000142609 34.646999999999 0 15.5619999999999 29.0329999999994 16.8680000000004
60.7729999999992 28.9470000000001 57.8940000000002 11.6560000000009 0.00799999999981083 36.0399999999991 0 15.8509999999987 45.7530000000006 20.9650000000001 41.9300000000003 18.0939999999991 0.00799999999981083 36.9549999999999 0 15.482 29.0319999999992 17.3070000000007
60.5740000000005 28.4530000000004 56.9060000000009 13.4039999999986 0.0069999999996071 40.2910000000011 0 16.8060000000005 63.1710000000003 19.8273333333333 59.482 18.969000000001 0.0149999999994179 38.8770000000004 0 16.0550000000003 30.2610000000004 17.3349999999991
59.6990000000005 28.3910000000005 56.7820000000011 11.1229999999996 0.00799999999981083 38.0520000000015 0 16.9079999999994 65.6380000000008 20.3289999999997 60.9869999999992 18.9279999999999 0.0069999999996071 39.2960000000003 0 17.3190000000013 29.8140000000003 17.5719999999983
62.3790000000008 29.5814999999993 59.1629999999986 12.8919999999998 0.00799999999981083 44.0439999999999 0 17.9899999999998 44.018 20.0625 40.125 16.6129999999994 0.00799999999981083 34.3000000000011 0 15.2430000000004 30.1970000000001 14.7549999999992
60.8989999999994 28.5889999999999 57.1779999999999 11.9760000000006 0.00799999999981083 34.1039999999994 0 15.5820000000003 45.3730000000014 20.8654999999999 41.7309999999998 18.4470000000001 0.00799999999981083 33.9939999999988 0 14.7709999999988 29.0339999999997 16.7810000000009
58.487000000001 27.6814999999997 55.3629999999994 12.1630000000005 0.0069999999996071 39.8850000000002 0 17.5859999999993 45.7089999999989 20.9709999999995 41.9419999999991 21.027 0.0149999999994179 38.6580000000013 0 16.3070000000007 33.1440000000002 16.6029999999992
61.9689999999991 29.2265000000007 58.4530000000013 13.1000000000004 0.0159999999996217 42.8330000000005 0 17.9220000000005 45.1280000000006 20.5834999999997 41.1669999999995 18.0709999999999 0.00599999999940337 31.1890000000003 0 13.8410000000003 27.4609999999993 14.9520000000011
53.4440000000013 25.1605 50.3209999999999 11.1459999999988 0.0120000000006257 37.2209999999995 0 20.7260000000006 51.9249999999993 23.9915000000001 47.9830000000002 18.6399999999994 0.0140000000010332 36.5879999999997 0 16.598 31.5909999999985 18.125
58.4150000000009 27.6725000000006 55.3450000000012 11.1080000000002 0.00799999999981083 35.2739999999994 0 16.2530000000006 51.5319999999992 23.7444999999998 47.4889999999996 18.9189999999999 0.00799999999981083 34.223 0 17.2310000000016 29.1649999999991 18.6399999999994
60.652 28.8325000000004 57.6650000000009 11.9179999999997 0.0069999999996071 39.7000000000007 0 15.5010000000002 45.264000000001 20.7614999999996 41.5229999999992 19.726999999999 0.0069999999996071 31.5349999999999 0 13.6080000000002 26.7279999999992 14.2080000000005
52.6610000000001 24.6719999999996 49.3439999999991 10.3469999999998 0.00600000000122236 34.8089999999993 0 16.0380000000005 45.8319999999985 20.8405000000002 41.6810000000005 17.0200000000004 0.0069999999996071 35.4560000000001 0 17.4940000000006 32.755000000001 16.3149999999987
58.7970000000005 27.7004999999999 55.4009999999998 11.4040000000005 0.00599999999940337 34.3310000000001 0 15.2889999999989 44.7160000000003 20.5164999999997 41.0329999999994 19.4869999999992 0.0140000000010332 35.6710000000003 0 15.5460000000003 30.6000000000004 16.7289999999994
56.7960000000003 26.7394999999997 53.4789999999994 11.4189999999999 0.0069999999996071 41.0619999999999 0 15.4740000000002 40.5900000000001 18.4739999999993 36.9479999999985 17.3429999999989 0.0140000000010332 34.8449999999993 0 15.8670000000002 29.8549999999996 16.643
55.3200000000015 25.8085000000001 51.6170000000002 10.4929999999986 0.0160000000014406 35.610999999999 0 16.4899999999998 43.3619999999992 19.9030000000002 39.8060000000005 15.7270000000008 0.00599999999940337 31.6230000000014 0 14.1970000000001 28.2459999999992 15.4190000000017
55.2540000000008 26.0025000000005 52.005000000001 12.362000000001 0.0149999999994179 34.9570000000022 0 15.8289999999979 61.3679999999986 19.257666666667 57.773000000001 18.5289999999986 0.0140000000028522 35.2059999999983 0 15.6890000000021 30.273000000001 18.8469999999979
57.992000000002 27.2659999999996 54.5319999999992 11.3109999999979 0.00700000000142609 32.1669999999976 0 13.7789999999986 56.8689999999988 17.7063333333329 53.1189999999988 17.7350000000006 0.0169999999998254 40.5400000000009 0 16.9589999999989 31.9260000000031 16.6980000000003
54.625 25.5619999999999 51.1239999999998 11.005000000001 0.00799999999799184 33.9279999999999 0 15.9730000000018 41.3840000000018 18.768 37.5360000000001 16.739999999998 0.00800000000162981 35.1319999999978 0 16.0930000000008 29.4239999999991 16.836000000003
57.5879999999997 27.0234999999993 54.0469999999987 10.9409999999989 0.00700000000142609 32.3600000000006 0 13.9439999999995 38.9850000000006 17.7519999999986 35.5039999999972 16.107 0.0120000000024447 31.1319999999978 0 14.2439999999988 27.3640000000014 15.4639999999999
57.0529999999999 26.7795000000006 53.5590000000011 10.7409999999982 0.00700000000142609 32.3280000000013 0 14.4410000000025 59.630000000001 18.6330000000004 55.8990000000013 17.2599999999984 0.00800000000162981 34.7360000000008 0 16.3970000000008 28.9249999999993 16.6470000000008
54.1759999999995 25.5275000000001 51.0550000000003 10.7920000000013 0.0180000000000291 36.7849999999999 0 16.0169999999998 40.9290000000001 18.5465000000004 37.0930000000008 17.2150000000001 0.0119999999988067 36.9650000000001 0 15.7139999999999 28.7849999999999 15.9269999999997
52.8869999999988 24.6834999999992 49.3669999999984 10.4480000000003 0.00999999999839929 31.3050000000003 0 13.474000000002 38.9030000000021 17.5125000000007 35.0250000000015 16.2870000000003 0.00699999999778811 31.6660000000011 0 15.1179999999986 29.9979999999996 17.369999999999
54.232 25.396999999999 50.7939999999981 10.2560000000012 0.00699999999778811 33.7050000000017 0 14.643 41.1929999999993 18.6015000000007 37.2030000000013 18.4639999999999 0.00799999999799184 34.2050000000017 0 14.8439999999973 28.7580000000016 15.6769999999997
50.6880000000019 23.7780000000002 47.5560000000005 10.7519999999968 0.00800000000162981 33.4160000000011 0 15.8660000000018 58.0600000000013 17.984666666666 53.9539999999979 17.2009999999973 0.00800000000162981 35.9369999999981 0 15.6059999999998 27.3590000000004 16.1840000000011
53.7930000000015 25.1779999999999 50.3559999999998 10.9110000000001 0.00699999999778811 36.2860000000001 0 15.9259999999995 58.6859999999979 18.2636666666658 54.7909999999974 16.3220000000001 0.00800000000162981 32.6080000000002 0 16.1769999999997 29.1200000000026 16.8309999999983
55.5220000000008 26.112000000001 52.224000000002 10.5629999999983 0.0140000000028522 33.5639999999985 0 15.2690000000002 60.4099999999999 18.8783333333328 56.6349999999984 16.6280000000006 0.00700000000142609 33.8729999999996 0 15.6689999999981 30.2489999999998 16.8029999999999
52.8170000000027 24.7159999999985 49.4319999999971 10.2009999999973 0.00700000000142609 31.8659999999982 0 14.0730000000003 39.3549999999996 17.8035 35.607 16.3400000000001 0.00699999999778811 30.4650000000001 0 14.3410000000003 25.9860000000008 15.3909999999996
53.3810000000012 25.0339999999997 50.0679999999993 10.643 0.00799999999799184 33.6460000000006 0 14.6029999999992 38.3410000000003 17.5750000000007 35.1500000000015 16.1689999999981 0.00700000000142609 31.739999999998 0 15.2880000000005 27.8580000000002 16.0999999999985
51.9589999999989 24.5149999999994 49.0299999999988 10.3950000000004 0.00800000000162981 32.7540000000008 0 16.4939999999988 38.7880000000005 17.6000000000004 35.2000000000007 16.0080000000016 0.00699999999778811 32.0980000000018 0 13.6309999999976 26.9210000000021 14.3250000000007
53.3689999999988 25.0969999999998 50.1939999999995 10.5630000000019 0.00799999999799184 35.2250000000022 0 14.5480000000025 41.6959999999999 19.1175000000003 38.2350000000006 19.0679999999993 0.00799999999799184 33.4500000000007 0 14.5269999999982 28.3199999999997 16.3680000000022
54.1260000000002 25.5065000000013 51.0130000000026 10.6959999999999 0.00699999999778811 33.7080000000024 0 14.2990000000027 38.1280000000006 17.271999999999 34.5439999999981 16.0750000000007 0.00600000000122236 32.6409999999996 0 14.9380000000019 27.6579999999994 16.1729999999989
50.2510000000002 23.7100000000009 47.4200000000019 10.2030000000013 0.00699999999778811 33.4100000000035 0 15.5600000000013 38.2920000000013 17.3474999999999 34.6949999999997 16.0949999999975 0.00900000000183354 32.1620000000003 0 15.2109999999993 28.155999999999 15.0139999999992
54.6519999999982 25.7579999999998 51.5159999999996 10.6419999999998 0.00800000000162981 34.8029999999999 0 16.1820000000007 39.1130000000012 17.6419999999998 35.2839999999997 15.6169999999984 0.00600000000122236 33.3600000000006 0 15.1109999999971 28.3120000000017 17.0169999999998
57.7570000000014 27.2424999999985 54.4849999999969 11.155999999999 0.00699999999778811 33.2510000000002 0 14.8529999999992 39.844000000001 17.9989999999998 35.9979999999996 16.7010000000009 0.00999999999839929 33.6229999999996 0 15.3169999999991 28.4190000000017 16.2389999999978
52.8559999999998 24.7255000000005 49.4510000000009 10.4209999999985 0.00800000000162981 34.8159999999989 0 15.9959999999992 41.0709999999999 18.6875 37.375 17.3250000000007 0.0139999999992142 38.8209999999999 0 16.0319999999992 26.7089999999989 15.7740000000013
53.9219999999987 25.4650000000001 50.9300000000003 10.8110000000015 0.00799999999799184 33.393 0 15.2129999999997 40.9300000000003 18.6320000000014 37.2640000000029 18.012999999999 0.00799999999799184 35.617000000002 0 16.9269999999997 34.3209999999999 17.0529999999999
55.2860000000001 26.0380000000005 52.0760000000009 10.4789999999994 0.00800000000162981 38.1349999999984 0 17.1139999999978 43.5200000000004 19.7235000000001 39.4470000000001 17.387999999999 0.00600000000122236 34.7210000000014 0 16.5190000000002 31.4130000000005 16.520999999997
55.3329999999987 26.0460000000003 52.0920000000006 10.9680000000008 0.00700000000142609 32.0879999999997 0 14.2270000000026 39.0699999999997 17.530999999999 35.0619999999981 15.6640000000007 0.00700000000142609 31.6689999999981 0 14.2390000000014 27.9150000000009 15.3509999999987
54.1009999999987 25.4634999999998 50.9269999999997 10.5310000000027 0.00699999999778811 31.8889999999992 0 14.0390000000007 38.2009999999973 17.3335000000006 34.6670000000013 16.2860000000001 0.00600000000122236 30.7050000000017 0 13.6089999999967 25.5390000000007 13.4589999999989
53.7789999999986 25.3704999999991 50.7409999999982 10.0600000000013 0.00700000000142609 32.732 0 14.4979999999996 38.8369999999995 17.5659999999989 35.1319999999978 16.1800000000003 0.00600000000122236 30.6660000000011 0 13.8119999999981 26.1880000000019 14.3719999999994
51.8640000000014 24.4399999999987 48.8799999999974 9.99799999999959 0.00699999999778811 31.2309999999998 0 14.2930000000015 37.0979999999981 16.8230000000003 33.6460000000006 15.2580000000016 0.00799999999799184 29.4030000000021 0 13.8410000000003 26.3739999999998 14.6119999999974
54.0980000000018 25.5674999999992 51.1349999999984 10.0459999999985 0.00800000000162981 31.6620000000003 0 14.6130000000012 39.4680000000008 17.9009999999998 35.8019999999997 16.0790000000015 0.00699999999778811 33.8780000000006 0 15.6870000000017 27.6739999999991 16.2060000000019
51.8329999999987 24.5074999999997 49.0149999999994 10.5040000000008 0.00699999999778811 32.5460000000021 0 15.2170000000006 40.6089999999967 18.5650000000005 37.130000000001 16.2930000000015 0.00899999999819556 32.4160000000011 0 15.3270000000011 27.518 16.6389999999992
52.4959999999992 24.6869999999999 49.3739999999998 10.5070000000014 0.00699999999778811 32.9550000000017 0 15.1889999999985 41.3009999999995 18.7044999999998 37.4089999999997 16.9219999999987 0.00700000000142609 30.655999999999 0 13.6359999999986 26.1080000000002 14.7390000000014
52.5649999999987 24.8000000000011 49.6000000000022 11.5020000000004 0.00800000000162981 36.4989999999998 0 16.3169999999991 38.9299999999967 17.8089999999993 35.6179999999986 15.8410000000003 0.00700000000142609 33.2959999999985 0 15.4200000000019 30.163999999997 17.0810000000019
57.0339999999997 26.9459999999999 53.8919999999998 10.117000000002 0.00699999999778811 33.6580000000031 0 14.2959999999985 41.3240000000005 18.7914999999994 37.5829999999987 16.405999999999 0.00800000000162981 31.6419999999998 0 14.6790000000001 27.476999999999 16.2910000000011
55.2819999999992 26.0295000000006 52.0590000000011 11.1660000000011 0.00799999999799184 36.742000000002 0.00100000000020373 15.6210000000028 41.5960000000014 18.9670000000006 37.9340000000011 17.2520000000004 0.0139999999992142 33.4909999999982 0 15.2400000000016 27.0109999999986 15.8790000000008
52.5630000000019 24.6830000000009 49.3660000000018 10.3009999999995 0.00899999999819556 32.2120000000032 0 14.0509999999995 39.8270000000011 18.0360000000001 36.0720000000001 16.2250000000022 0.00699999999778811 32.6510000000017 0 15.0850000000028 29.4519999999975 16.9979999999996
51.9219999999987 24.5160000000014 49.0320000000029 9.82600000000093 0.00599999999758438 31.6059999999998 0 13.5169999999998 36.4840000000004 16.4609999999993 32.9219999999987 15.4559999999983 0.00700000000142609 30.1009999999987 0 14.5299999999988 26.8650000000016 15.9579999999987
51.1800000000003 23.9349999999995 47.869999999999 10.4140000000007 0.00699999999778811 32.7849999999999 0.00100000000020373 14.4429999999993 38.5239999999976 17.4454999999998 34.8909999999996 16.2810000000027 0.00599999999758438 31.155999999999 0 14.7109999999993 27.5829999999987 15.8810000000012
51.4400000000023 23.9825000000001 47.9650000000001 9.87799999999697 0.00700000000142609 30.6219999999994 0 13.6900000000023 38.9309999999969 17.5114999999987 35.0229999999974 16.1560000000027 0.00699999999778811 32.9390000000021 0 14.3040000000001 27.3209999999999 15.9789999999994
51.7180000000008 24.2279999999992 48.4559999999983 9.84699999999793 0.00900000000183354 31.1280000000006 0 13.2150000000001 55.6440000000002 17.360333333334 52.0810000000019 15.4130000000005 0.00600000000122236 32.4110000000001 0 14.4809999999998 28.0770000000011 16.0169999999998
50.9860000000008 23.8940000000002 47.7880000000005 10.2340000000004 0.00699999999778811 33.094000000001 0.00100000000020373 14.5279999999984 39.2570000000014 17.6980000000003 35.3960000000006 16.2000000000007 0.00699999999778811 31.8460000000014 0 14.4950000000026 27.114999999998 15.2170000000006
50.8859999999986 23.799500000001 47.599000000002 9.82400000000052 0.00700000000142609 30.5149999999994 0 13.4470000000001 38.3289999999979 17.0900000000001 34.1800000000003 16.2410000000018 0.00699999999778811 32.9350000000013 0 14.5109999999986 27.1519999999982 15.9060000000027
50.6049999999996 23.7419999999984 47.4839999999967 10.7000000000007 0.00700000000142609 33.1039999999994 0 14.8489999999983 38.7690000000002 17.3169999999991 34.6339999999982 15.844000000001 0.00700000000142609 30.1169999999984 0 13.3539999999994 26.9650000000001 14.0750000000007
51.1080000000002 23.8629999999994 47.7259999999987 10.0699999999997 0.00700000000142609 30.5519999999997 0 13.4360000000015 38.2659999999996 17.1509999999998 34.3019999999997 15.5390000000007 0.00999999999839929 32.7099999999991 0 13.5379999999968 25.3300000000017 14.2089999999989
51.5250000000015 24.1959999999999 48.3919999999998 10.2469999999994 0.00699999999778811 33.5730000000003 0 14.6150000000016 38.7430000000022 17.5200000000004 35.0400000000009 16.1599999999999 0.00700000000142609 30.2149999999965 0 13.4679999999971 25.9760000000024 14.2720000000008
49.9150000000009 23.2309999999998 46.4619999999995 10.2079999999987 0.00700000000142609 30.2389999999978 0 13.5119999999988 36.8159999999989 16.6329999999998 33.2659999999996 15.9830000000002 0.00600000000122236 29.6280000000006 0 13.7109999999993 26.1670000000013 14.2429999999986
50.4340000000011 23.7080000000005 47.4160000000011 9.66400000000067 0.00800000000162981 30.7899999999972 0 13.1000000000022 37.5149999999994 16.8119999999999 33.6239999999998 15.482 0.00900000000183354 29.5869999999995 0 12.9880000000012 26.0580000000009 13.7019999999975
51.6870000000017 24.3500000000004 48.7000000000007 10.1990000000005 0.00599999999758438 30.5380000000005 0 13.5460000000021 54.8270000000011 17.0466666666665 51.1399999999994 15.3220000000001 0.00699999999778811 32.4459999999999 0 14.5440000000017 27.9759999999987 15.6630000000005
53.3250000000007 25.1350000000002 50.2700000000004 11.0609999999979 0.00800000000162981 33.3410000000003 0 15.1340000000018 39.5769999999975 17.9994999999999 35.9989999999998 16.3009999999995 0.00700000000142609 33.0060000000012 0 15.0380000000005 28.6520000000019 15.9339999999975
51.5619999999981 24.2250000000004 48.4500000000007 10.2050000000017 0.00899999999819556 32.9220000000023 0 14.9060000000027 38.7599999999984 17.634 35.268 16.0679999999993 0.00700000000142609 32.6680000000015 0 14.8450000000012 27.2589999999982 15.8550000000032
53.2819999999992 25.0244999999995 50.0489999999991 10.7459999999992 0.00700000000142609 33.9220000000023 0 14.7450000000026 39.2469999999958 17.7455000000009 35.4910000000018 15.9400000000023 0.0100000000020373 31.8050000000003 0 14.4259999999995 27.0699999999997 15.9660000000003
52.336000000003 24.6834999999992 49.3669999999984 10.6789999999964 0.00900000000547152 33.5569999999934 0 14.6900000000023 38.9789999999994 17.4880000000012 34.9760000000024 16.226999999999 0.00600000000122236 31.4920000000056 0 14.8910000000033 27.3759999999966 15.8640000000014
52.0210000000006 24.4200000000019 48.8400000000038 10.3159999999989 0.00700000000506407 33.5950000000012 0 14.6779999999999 38.8119999999981 17.5705000000016 35.1410000000033 16.1920000000027 0.00800000000162981 30.8240000000005 0 14.1010000000024 26.8079999999973 14.3159999999989
49.5319999999992 23.3845000000001 46.7690000000002 10.0799999999945 0.00700000000506407 30.9470000000001 0 14.3870000000024 38.4949999999953 17.4079999999994 34.8159999999989 15.5950000000012 0.00700000000506407 30.4339999999938 0 14.3770000000004 26.5290000000023 16.1169999999984
51.4089999999997 24.1134999999995 48.226999999999 10.1069999999963 0.00699999999778811 31.1820000000007 0 14.1430000000037 36.8880000000063 16.7139999999999 33.4279999999999 15.4049999999988 0.00600000000122236 31.0929999999935 0 14.0180000000037 27.9990000000034 15.7199999999939
49.6440000000002 23.1735000000008 46.3470000000016 10.1700000000055 0.00699999999778811 31.0610000000015 0 14.0649999999951 38.1240000000034 17.2379999999976 34.4759999999951 15.8669999999984 0.00699999999778811 31.945000000007 0 13.5829999999987 26.4830000000002 14.8780000000042
52.3669999999984 24.5799999999981 49.1599999999962 10.148000000001 0.00600000000122236 31.8320000000022 0 14.1500000000015 38.1180000000022 17.2179999999971 34.4359999999942 15.9190000000017 0.00699999999778811 31.7660000000033 0 14.2139999999999 27.1189999999988 15.7339999999967
49.3479999999981 23.2409999999982 46.4819999999963 9.53199999999924 0.00700000000506407 32.1619999999966 0 14.0550000000003 37.3150000000023 16.7590000000018 33.5180000000037 15.5760000000009 0.00800000000162981 31.0899999999965 0 13.8959999999934 27.0670000000027 15.4490000000005
49.7299999999959 23.2229999999981 46.4459999999963 9.62000000000262 0.00600000000122236 29.4889999999941 0 12.8910000000033 36.4420000000027 16.406500000001 32.8130000000019 15.002999999997 0.00600000000122236 29.5049999999974 0 12.8160000000062 25.0319999999992 13.5609999999942
51.5139999999956 24.2135000000017 48.4270000000033 9.89600000000064 0.00600000000122236 32.1909999999989 0 14.5299999999988 54.8739999999962 16.989999999998 50.9699999999939 16.1240000000034 0.00699999999778811 31.4930000000022 0 14.2060000000056 27.6359999999986 16.1899999999951
50.2189999999973 23.5835000000006 47.1670000000013 9.73800000000483 0.00699999999778811 30.9619999999995 0 13.112000000001 37.4040000000023 16.7685000000019 33.5370000000039 15.8439999999973 0.0100000000020373 31.6880000000019 0 14.1929999999993 28.5140000000029 16.1759999999995
50.1399999999994 23.4455000000016 46.8910000000033 10.0600000000049 0.00699999999778811 31.2839999999997 0 13.9850000000006 37.3099999999977 16.8530000000028 33.7060000000056 15.4780000000028 0.00699999999778811 32.4360000000015 0 14.7589999999982 26.7930000000051 15.5919999999969
