64.204 20.41 61.23 8.30500000000001 0.0040000000000191 38.779 0 9.21999999999991 37.8860000000001 11.542 34.626 10.0609999999999 0.00600000000008549 24.919 0 8.40100000000007 21.5949999999999 11.056
57.3560000000001 18.1483333333333 54.4449999999999 6.32999999999993 0.00700000000006185 26.3549999999999 0 8.34000000000003 49.604 11.58625 46.345 10.006 0.00699999999994816 25.913 0 8.57400000000007 22.552 10.4789999999999
56.2569999999999 17.7123333333334 53.1370000000001 6.34300000000007 0.00399999999990541 25.817 0 8.22000000000003 37.8909999999998 11.598 34.7940000000001 10.0890000000002 0.00399999999990541 24.316 0 8.42699999999991 22.2190000000001 10.6900000000001
58.096 18.357 55.0709999999999 6.62599999999998 0.00299999999992906 26.5730000000001 0 8.50799999999981 38.1800000000001 11.5466666666667 34.6400000000001 10.143 0.00299999999992906 26.1390000000001 0 8.27700000000004 23.981 10.444
56.5730000000001 17.9590000000001 53.8770000000002 6.36599999999999 0.0080000000000382 25.8799999999999 0 8.27600000000007 51.069 11.9255 47.702 10.145 0.00500000000010914 25.232 0 8.69100000000003 22.2629999999999 10.1700000000001
56.9659999999999 18.0360000000001 54.1080000000002 6.4380000000001 0.00699999999983447 25.5030000000002 0.000999999999976353 8.17200000000003 49.982 11.7605 47.0419999999999 9.88799999999992 0.00299999999992906 26.116 0 8.51100000000019 23.645 10.6029999999998
56.2780000000002 17.8250000000001 53.4750000000004 6.62300000000005 0.00799999999981083 26.0590000000002 0 8.25599999999986 37.355 11.3966666666667 34.1900000000001 9.82299999999987 0.00399999999990541 25.5210000000002 0 8.23700000000008 22.3230000000003 10.4099999999999
58.5549999999998 18.5110000000001 55.5330000000004 6.51500000000033 0.00499999999965439 25.453 0 8.26899999999978 37.8220000000001 11.5416666666665 34.6249999999995 9.98000000000002 0.00399999999990541 25.4450000000002 0 8.51900000000023 22.4829999999997 10.491
57.0610000000001 18.0283333333333 54.085 6.74499999999989 0.00599999999985812 25.8960000000002 0 8.42899999999963 52.6109999999999 12.2619999999999 49.0479999999998 10.2690000000002 0.00399999999990541 25.0940000000001 0 8.61899999999969 21.931 10.3800000000001
57.527 18.1306666666666 54.3919999999998 6.68000000000029 0.00599999999985812 26.6179999999999 0 8.89400000000023 48.741 11.3639999999999 45.4559999999997 10.2220000000002 0.00599999999985812 25.0450000000001 0 8.5920000000001 22.5750000000003 10.3049999999998
57.8249999999998 18.2183333333334 54.6550000000002 6.6880000000001 0.00599999999985812 27.2570000000001 0 8.60199999999986 37.607 11.4156666666666 34.2469999999998 10.2809999999999 0.00399999999990541 24.623 0 8.52599999999984 22.6190000000001 10.1529999999998
58.5430000000001 18.5230000000001 55.5690000000004 6.57199999999966 0.00800000000026557 24.7639999999997 0 8.31600000000026 48.8230000000003 11.44525 45.7809999999999 10.3329999999996 0.00800000000026557 25.6369999999997 0 8.26199999999972 22.4900000000002 10.433
57.5920000000001 18.2129999999999 54.6389999999997 6.80799999999999 0.00500000000010914 26.7689999999998 0 8.8130000000001 38.3029999999999 11.6880000000001 35.0640000000003 10.0859999999998 0.00300000000015643 24.7809999999999 0 8.5590000000002 22.0790000000002 10.4109999999996
56.6419999999998 17.989 53.9670000000001 6.22600000000011 0.00399999999990541 26.2419999999997 0 8.41100000000006 49.1369999999997 11.4437500000001 45.7750000000005 10.4899999999998 0.00800000000072032 25.3189999999995 0 8.96500000000015 22.2930000000006 10.598
56.9359999999997 17.9656666666669 53.8970000000008 6.32499999999982 0.00399999999990541 24.799 0 8.31500000000051 37.7079999999996 11.4406666666667 34.3220000000001 10.0569999999998 0.00700000000051659 23.7020000000002 0 8.52599999999984 21.21 10.7539999999999
58.7440000000006 18.518 55.5540000000001 6.84799999999996 0.00399999999990541 25.7739999999994 0 8.1899999999996 49.2869999999994 11.46 45.8400000000001 10.1910000000007 0.00399999999990541 24.5409999999993 0 8.47200000000066 21.3469999999998 10.259
56.1199999999999 17.674 53.0219999999999 6.45900000000074 0.00399999999990541 24.8369999999995 0 8.125 48.5649999999996 11.2965000000002 45.1860000000006 10.3620000000001 0.00500000000010914 23.6419999999998 0 8.84199999999964 21.4850000000006 10.183
57.5839999999998 18.1869999999999 54.5609999999997 6.40700000000015 0.00399999999990541 26.2550000000001 0 8.25300000000061 48.4880000000003 11.2797500000001 45.1190000000006 10.165 0.00799999999981083 24.5060000000003 0 8.23899999999958 22.5880000000006 10.3310000000001
57.7719999999999 18.2503333333334 54.7510000000002 6.79300000000057 0.00900000000001455 24.924 0 8.04599999999937 49.7560000000003 11.6179999999999 46.4719999999998 10.223 0.00700000000051659 24.3969999999999 0 8.36799999999948 22.3190000000004 10.5640000000003
57.9659999999994 18.3776666666666 55.1329999999998 6.94900000000052 0.00599999999940337 25.549 0 8.32700000000023 47.9409999999998 11.2147499999999 44.8589999999995 9.97400000000016 0.00399999999990541 23.3150000000005 0 8.34500000000025 21.5479999999998 9.91600000000017
59.4160000000002 18.3846666666668 55.1540000000005 6.33899999999994 0.00900000000001455 23.4259999999995 0 8.04899999999998 37.3229999999994 11.3666666666668 34.1000000000004 10.2130000000006 0.00799999999981083 23.5749999999998 0 8.41200000000026 21.3590000000004 10.5529999999999
57.5010000000002 18.1566666666668 54.4700000000003 6.47500000000036 0.00399999999990541 25.1210000000001 0 8.46999999999935 38.2179999999998 11.6006666666669 34.8020000000006 11.2780000000002 0.00600000000031287 24.3449999999993 0 8.35699999999997 21.5319999999992 10.2540000000008
57.027 17.9693333333332 53.9079999999994 6.55199999999968 0.00399999999990541 24.0839999999998 0 8.1309999999994 48.893 11.3869999999999 45.5479999999998 10.3890000000001 0.00399999999990541 23.3599999999997 0 8.39000000000033 21.4859999999999 10.1480000000001
56.8380000000006 17.921 53.7629999999999 6.69499999999971 0.00299999999970169 23.9870000000001 0 7.95399999999972 37.4360000000006 11.3400000000001 34.0200000000004 10.0279999999993 0.00400000000081491 23.4549999999999 0.000999999999294232 8.32700000000023 21.5259999999998 10.0439999999999
57.5439999999999 18.146 54.4380000000001 6.35500000000047 0.00599999999940337 24.2970000000005 0 7.55099999999948 47.1229999999996 11.0237499999998 44.0949999999993 10.0730000000003 0.00399999999990541 23.6390000000001 0 7.89899999999943 21.4800000000005 10.0079999999998
58.2049999999999 18.3419999999999 55.0259999999998 6.82799999999952 0.00399999999990541 24.3890000000001 0 8.24499999999989 37.3779999999997 11.3513333333334 34.0540000000001 10.3940000000002 0.00700000000051659 23.0129999999999 0 8.27099999999973 21.2920000000004 9.98400000000038
80.7130000000006 19.4079999999999 77.6319999999996 6.71599999999944 0.00500000000010914 25.5029999999997 0 7.97400000000016 48.7280000000001 11.3697500000001 45.4790000000003 10.3580000000002 0.00500000000010914 24.5370000000003 0 8.64199999999983 22.1060000000007 10.201
57.7380000000003 18.1633333333333 54.4899999999998 6.6899999999996 0.00400000000081491 24.3559999999998 0 8.08800000000065 48.5189999999993 11.24225 44.9690000000001 10.6970000000001 0.00399999999990541 23.7350000000006 0 8.35199999999986 21.1180000000004 10.692
57.232 18.0043333333333 54.0129999999999 6.68499999999949 0.00700000000051659 25.2719999999999 0 8.05499999999938 48.6509999999998 11.2855 45.1419999999998 10.1999999999998 0.00900000000001455 24.8059999999996 0 8.68900000000031 21.5999999999995 10.1270000000004
59.3990000000013 18.7519999999998 56.2559999999994 6.65599999999904 0.00799999999981083 25.4080000000013 0 8.08300000000054 49.2339999999986 11.4495000000002 45.7980000000007 10.7690000000002 0.00799999999981083 22.5460000000003 0 8.18099999999868 21.6980000000003 10.2659999999996
56.9369999999999 17.9423333333337 53.8270000000011 6.49300000000039 0.00400000000081491 23.9449999999997 0 8.08499999999913 37.4599999999991 11.4293333333335 34.2880000000005 9.48500000000058 0.00399999999899592 24.6670000000013 0 9.16400000000067 22.5009999999984 10.3300000000017
38.9920000000002 18.0140000000001 36.0280000000002 6.71299999999974 0.00400000000081491 23.9660000000003 0 10.366 48.1550000000007 11.2600000000002 45.0400000000009 10.2700000000004 0.0069999999996071 23.7240000000002 0 8.21399999999994 21.5469999999987 10.2350000000006
56.9479999999985 18.0360000000001 54.1080000000002 6.53200000000106 0.00399999999899592 25.0310000000009 0 7.95899999999892 48.0059999999994 11.1995000000002 44.7980000000007 10.1350000000002 0.00400000000081491 23.8140000000003 0 8.33600000000115 21.2899999999991 10.2020000000011
56.737000000001 18.027 54.0810000000001 6.8760000000002 0.00499999999919964 24.7950000000001 0 7.88299999999981 37.6670000000013 11.3293333333331 33.9879999999994 10.0779999999995 0.0069999999996071 23.3780000000006 0 8.1919999999991 21.2309999999998 9.69200000000092
55.5579999999991 17.488 52.4639999999999 6.47800000000097 0.00799999999981083 24.4509999999991 0 7.96800000000076 36.621000000001 11.2003333333335 33.6010000000006 9.89599999999882 0.00600000000122236 24.5299999999988 0 8.10100000000057 21.7699999999986 10.2010000000009
56.0019999999986 17.6829999999997 53.0489999999991 6.54900000000089 0.00399999999899592 25.0410000000011 0 7.8169999999991 37.1189999999988 11.2463333333332 33.7389999999996 10.7490000000016 0.00499999999919964 23.594000000001 0 8.13000000000102 21.375 9.85699999999997
56.5120000000006 17.900333333333 53.7009999999991 6.64699999999903 0.00500000000101863 24.7259999999987 0 8.16499999999905 49.5589999999993 11.4825000000001 45.9300000000003 10.2440000000006 0.0069999999996071 24.371000000001 0 8.35599999999977 21.7070000000003 10.9799999999996
55.9689999999991 17.6449999999998 52.9349999999995 6.68100000000049 0.00900000000001455 24.869999999999 0 7.99099999999999 47.8040000000001 11.1765 44.7060000000001 9.99799999999959 0.00799999999981083 23.9760000000006 0 8.28800000000047 21.1970000000001 10.4189999999999
58.0120000000006 18.2726666666664 54.8179999999993 6.60699999999997 0.00499999999919964 24.3320000000003 0 7.73999999999978 50.1099999999988 11.7017500000002 46.8070000000007 10.0660000000007 0.00399999999899592 23.1689999999999 0 8.33400000000074 20.7099999999991 9.88700000000063
56.6930000000011 17.8619999999998 53.5859999999993 6.58699999999953 0.00400000000081491 24.7009999999991 0 7.80199999999968 48.3900000000012 11.27925 45.1170000000002 10 0.00399999999899592 23.9410000000007 0 8.23800000000119 21.9319999999989 10.2100000000009
55.3630000000012 17.5006666666668 52.5020000000004 6.73499999999876 0.00400000000081491 24.5640000000003 0 8.13899999999921 50.6399999999994 11.8065000000001 47.2260000000006 10.2219999999998 0.00799999999981083 24.0529999999999 0 8.53700000000026 21.4840000000004 10.5110000000004
54.8269999999993 17.3559999999998 52.0679999999993 6.22199999999975 0.00600000000122236 24.7129999999997 0 8.15499999999884 35.9110000000001 10.9559999999995 32.8679999999986 9.86399999999958 0.00400000000081491 23.9789999999994 0 8.14600000000064 22.0469999999987 10.5570000000007
58.1270000000004 18.4593333333335 55.3780000000006 6.89199999999983 0.00500000000101863 25.5820000000003 0 8.28600000000006 38.2510000000002 11.5866666666667 34.7600000000002 10.7289999999994 0.00499999999919964 24.2540000000008 0 8.51499999999942 22.5560000000005 10.4470000000001
58.1839999999993 18.394666666667 55.1840000000011 6.65999999999985 0.00400000000081491 25.9139999999989 0.00100000000020373 8.20399999999972 36.6399999999994 11.0853333333337 33.2560000000012 10.0779999999995 0.00400000000081491 23.8410000000003 0 8.37199999999939 22.3150000000005 10.0640000000003
56.9939999999988 17.968666666667 53.9060000000009 6.55400000000009 0.00700000000142609 24.3339999999989 0 8.27900000000045 48.2780000000002 11.2047499999999 44.8189999999995 10.1800000000003 0.00399999999899592 24.2299999999996 0 8.51599999999962 22.0690000000013 9.65499999999884
55.9009999999998 17.6113333333336 52.8340000000007 6.80500000000029 0.00799999999981083 24.5100000000002 0 8.35599999999977 37.4899999999998 11.3356666666665 34.0069999999996 10.8240000000005 0.00799999999981083 25.0320000000011 0 8.59600000000137 21.3739999999998 10.1810000000005
58.0499999999993 18.2646666666666 54.7939999999999 6.87900000000081 0.00399999999899592 24.4790000000012 0 8.03100000000086 36.6850000000013 11.107 33.3209999999999 10.143 0.00399999999899592 23.0370000000003 0 8.68499999999949 20.6750000000011 10.1639999999989
57.6470000000008 18.244 54.732 6.96999999999935 0.00400000000081491 24.9419999999991 0 7.8690000000006 38.2160000000003 11.6066666666666 34.8199999999997 18.9679999999989 0.00400000000081491 24.1620000000003 0 8.22699999999895 21.9790000000012 10.4740000000002
54.1320000000014 17.146 51.4380000000001 6.7559999999994 0.0069999999996071 25.5329999999994 0 8.3130000000001 48.0320000000011 11.1945000000001 44.7780000000002 10.0579999999991 0.00799999999981083 24.0750000000007 0 8.02900000000045 22.0290000000005 10.1639999999989
55.9470000000001 17.6573333333333 52.9719999999998 6.47199999999975 0.00400000000081491 24.6029999999992 0 8.0059999999994 36.8000000000011 11.1670000000001 33.5010000000002 10.8760000000002 0.00799999999981083 24.1579999999994 0 8.46900000000096 21.646999999999 10.1599999999999
55.5820000000003 17.641666666667 52.9250000000011 6.69100000000071 0.00900000000001455 25.0190000000002 0 8.19700000000012 48.2200000000012 11.2329999999997 44.9319999999989 10.7260000000006 0.0069999999996071 23.8289999999997 0 8.29799999999886 21.2800000000007 9.92200000000048
57.8299999999999 18.1043333333334 54.3130000000001 6.76800000000003 0.00599999999940337 24.4290000000001 0 7.69000000000051 36.8989999999994 11.1950000000003 33.5850000000009 9.26300000000083 0.00399999999899592 23.7340000000004 0 8.29099999999926 20.9740000000002 10.3089999999993
55.9840000000004 17.7226666666666 53.1679999999997 6.61800000000039 0.0100000000002183 24.7899999999991 0 8.12300000000141 37.1279999999988 11.2180000000002 33.6540000000005 10.0550000000003 0.00799999999981083 23.9140000000007 0 8.1880000000001 21.4459999999999 9.99299999999857
56.0540000000001 17.741 53.223 6.44499999999971 0.0069999999996071 23.9320000000007 0 7.95900000000074 47.098 10.9497499999998 43.7989999999991 10.4280000000017 0.00799999999981083 23.134 0 8.3239999999987 21.3350000000009 10.0799999999999
57.0619999999999 18.0836666666667 54.2510000000002 6.69900000000052 0.00299999999879219 24.5930000000008 0 7.68999999999869 37.1140000000014 11.2356666666668 33.7070000000003 10.110999999999 0.00600000000122236 23.3220000000001 0 8.01600000000144 20.9129999999986 9.77300000000105
56.1909999999989 17.8146666666671 53.4440000000013 6.81700000000092 0.00399999999899592 25.6080000000002 0 8.05199999999968 37.4110000000001 11.2876666666665 33.8629999999994 10.1949999999997 0.0069999999996071 24.2139999999999 0 8.34000000000015 21.9719999999998 10.3510000000006
56.3330000000005 17.7633333333336 53.2900000000009 6.73999999999978 0.00900000000001455 24.1700000000001 0 7.82300000000032 49.0789999999997 11.4079999999999 45.6319999999996 10.0120000000006 0.00400000000081491 23.9039999999986 0 8.29299999999967 22.0580000000009 9.6919999999991
55.393 17.476 52.4279999999999 6.36799999999857 0.00500000000101863 23.9499999999989 0 8.14400000000023 47.6640000000007 11.0752500000003 44.3010000000013 9.89300000000003 0.00400000000081491 23.9889999999996 0 7.63600000000042 21.3299999999999 10.0939999999991
58.7129999999997 18.5436666666665 55.6309999999994 6.64199999999983 0.00400000000081491 24.601999999999 0 8.23099999999977 47.8999999999996 11.1654999999996 44.6619999999984 10.503999999999 0.00400000000081491 24.1139999999996 0 8.61399999999958 21.1790000000001 10.2659999999996
55.6769999999997 17.6063333333332 52.8189999999995 6.54399999999987 0.00599999999940337 24.7000000000007 0 8.00799999999981 37.3690000000006 11.2623333333334 33.7870000000003 10.1569999999992 0.00400000000081491 23.4580000000005 0 8.21300000000156 20.759 10.027
58.8149999999987 18.6269999999998 55.8809999999994 6.33899999999994 0.00400000000081491 24.3719999999994 0 7.92799999999988 54.8040000000001 12.7925000000005 51.1700000000019 10.6320000000014 0.00399999999717693 25.5580000000009 0 8.26199999999881 22.273000000001 10.6959999999999
58.1419999999998 18.3243333333339 54.9730000000018 6.65800000000309 0.00799999999799184 26.2610000000022 0 8.44099999999889 49.0210000000006 11.4309999999996 45.7239999999983 10.1510000000017 0.00799999999799184 23.9279999999999 0 8.53099999999904 21.2480000000032 10.0669999999991
57.8679999999986 18.2796666666666 54.8389999999999 6.89900000000125 0.00700000000142609 24.9650000000001 0 8.08300000000236 49.3710000000028 11.4645 45.8580000000002 10.5149999999994 0.00699999999778811 24.8780000000006 0 8.56399999999849 21.8300000000017 10.739999999998
55.9150000000009 17.7036666666669 53.1110000000008 6.58699999999953 0.00900000000183354 26.0139999999992 0 8.23999999999796 48.4360000000015 11.2702499999996 45.0809999999983 10.3039999999964 0.00400000000081491 24.8369999999995 0 8.31300000000192 22.6489999999976 10.5560000000005
57.5849999999991 18.1856666666669 54.5570000000007 6.90399999999863 0.00800000000162981 25.155999999999 0 7.88299999999799 37.0529999999999 11.3093333333333 33.9279999999999 9.98199999999997 0.00700000000142609 25.1189999999988 0 8.13999999999942 21.6270000000004 10.1519999999982
57.898000000001 18.2856666666667 54.857 6.81499999999869 0.00400000000081491 25.7920000000013 0 8.29199999999764 49.237000000001 11.4700000000003 45.880000000001 10.6160000000018 0.00599999999758438 24.1320000000014 0 8.37299999999959 21.6840000000011 9.71999999999753
57.7129999999997 18.2429999999998 54.7289999999994 6.69200000000274 0.00599999999758438 24.8420000000006 0 8.27599999999802 38.0939999999973 11.5883333333331 34.7649999999994 10.4459999999999 0.00400000000081491 24.6949999999997 0 8.62099999999919 22.732 10.8719999999994
55.8859999999986 17.6870000000005 53.0610000000015 6.63799999999901 0.00700000000142609 25.3339999999989 0 8.25599999999758 49.9110000000001 11.6865000000007 46.7460000000028 10.7010000000009 0.00899999999819556 24.6630000000005 0 8.8269999999975 22.3940000000002 10.010000000002
59.4339999999975 18.8456666666668 56.5370000000003 6.96500000000015 0.00700000000142609 25.4089999999997 0 8.2599999999984 36.9979999999996 11.2936666666671 33.8810000000012 10.3250000000007 0.00699999999778811 24.380000000001 0 8.32500000000073 22.7699999999968 10.5900000000001
57.6949999999997 18.2926666666657 54.877999999997 6.94900000000052 0.00399999999717693 25.2890000000007 0 7.99299999999857 49.0440000000017 11.4540000000006 45.8160000000025 9.99499999999898 0.00700000000142609 24.5679999999993 0 8.49699999999939 21.5959999999977 9.99700000000303
57.0339999999997 18.0400000000009 54.1200000000026 6.87099999999919 0.00800000000162981 25.4689999999973 0 8.03200000000288 49.8499999999985 11.6057500000006 46.4230000000025 10.4540000000015 0.00599999999758438 24.4079999999994 0 8.40699999999924 22.3100000000013 9.97599999999875
57.0930000000008 18.0123333333334 54.0370000000003 6.76299999999901 0.00600000000122236 24.9550000000017 0 7.99300000000221 50.4229999999989 11.7132499999998 46.8529999999992 10.4880000000012 0.00600000000122236 25.0839999999989 0 8.46399999999994 23.1270000000004 10.8339999999989
57.4809999999998 18.1183333333332 54.3549999999996 7.09600000000137 0.00499999999738066 26.5200000000004 0 8.30500000000029 37.9969999999994 11.5306666666669 34.5920000000006 10.3100000000013 0.00699999999778811 24.5260000000017 0 8.44099999999889 22.1059999999998 10.1899999999987
57.7799999999988 18.2283333333326 54.6849999999977 6.70600000000195 0.00899999999819556 24.880000000001 0 8.13800000000265 38.2870000000003 11.5403333333331 34.6209999999992 10.9209999999985 0.00400000000081491 23.9290000000001 0 8.69700000000012 21.9310000000005 10.8470000000016
58.0730000000003 18.3456666666668 55.0370000000003 7.05299999999988 0.00400000000081491 25.2900000000009 0 8.09199999999691 50.9199999999983 11.8232500000004 47.2930000000015 10.8950000000004 0.00700000000142609 24.7569999999978 0 8.60599999999977 22.6729999999989 10.1830000000009
58.3050000000003 18.391333333333 55.1739999999991 6.75799999999799 0.00400000000081491 24.8899999999994 0 8.24199999999837 48.8379999999997 11.4482499999995 45.7929999999978 10.4500000000007 0.00500000000101863 25.4609999999993 0 8.67099999999846 23.1560000000027 10.5299999999988
59.4919999999984 18.7150000000001 56.1450000000004 6.71700000000055 0.00700000000142609 25.7839999999997 0 8.33599999999933 49.3430000000008 11.4442499999996 45.7769999999982 10.0250000000015 0.00499999999738066 25.3009999999995 0 8.84400000000096 22.5459999999985 10.4230000000025
58.244999999999 18.2523333333338 54.7570000000014 6.90799999999945 0.00400000000081491 26.125 0 8.28399999999965 49.8279999999977 11.5865000000003 46.3460000000014 10.2980000000025 0.00799999999799184 25.0149999999994 0 8.53800000000047 23.2040000000015 10.2279999999992
58.3189999999995 18.3520000000002 55.0560000000005 7.15000000000146 0.00399999999717693 25.3230000000003 0 8.37299999999959 38.2479999999996 11.5923333333327 34.7769999999982 10.3960000000006 0.00999999999839929 26.3760000000002 0 8.59299999999712 23.1750000000029 10.3359999999993
57.3979999999974 18.1519999999994 54.4559999999983 6.41500000000087 0.00600000000122236 25.2530000000006 0 8.38100000000122 37.6090000000004 11.4146666666663 34.2439999999988 10.4609999999993 0.00700000000142609 25.6980000000003 0 8.45800000000236 23.2019999999975 11.4490000000005
37.2710000000006 17.1514999999999 34.3029999999999 6.78600000000006 0.00600000000122236 26.5269999999982 0 9.58499999999913 37.3690000000024 11.3743333333344 34.1230000000032 10.1779999999999 0.00699999999778811 25.3910000000033 0 8.51599999999962 22.4609999999993 10.0010000000002
56.9939999999988 18.0746666666661 54.2239999999983 6.38300000000163 0.00600000000122236 27.1309999999976 0 8.88999999999942 38.9850000000006 11.8103333333335 35.4310000000005 10.5280000000021 0.00499999999738066 25.3880000000026 0 8.78900000000067 23.1340000000018 10.6169999999984
56.385000000002 17.8013333333329 53.4039999999986 6.90999999999985 0.00899999999819556 26.4070000000029 0 8.22500000000218 38.469000000001 11.7529999999994 35.2589999999982 10.7050000000017 0.00699999999778811 25.385000000002 0 8.4320000000007 23.0630000000019 10.6169999999984
57.7619999999988 18.2289999999994 54.6869999999981 6.9220000000023 0.00400000000081491 26.8459999999977 0 8.48300000000017 37.6450000000004 11.4919999999996 34.4759999999987 10.232 0.00700000000142609 25.4369999999981 0 8.7039999999979 22.7480000000032 10.5529999999999
57.3499999999985 18.1556666666668 54.4670000000006 6.63000000000102 0.00400000000081491 26.5069999999978 0 8.33699999999953 49.8919999999998 11.6435000000001 46.5740000000005 10.7210000000014 0.00600000000122236 25.4739999999983 0 8.85199999999895 22.8760000000002 10.7170000000006
58.5030000000006 18.4689999999997 55.4069999999992 6.9320000000007 0.00599999999758438 26.8369999999995 0 8.31400000000212 50.1909999999989 11.7475000000004 46.9900000000016 10.7740000000013 0.00500000000101863 25.8079999999973 0 8.69800000000032 23.7760000000017 10.7609999999986
58.2179999999971 18.3539999999994 55.0619999999981 6.67500000000291 0.00599999999758438 25.5920000000006 0 9.01499999999942 37.3709999999992 11.379333333333 34.137999999999 10.6320000000014 0.00399999999717693 25.8890000000029 0.000999999996565748 8.8760000000002 22.4520000000011 10.6650000000009
57.3269999999975 18.0696666666663 54.2089999999989 6.77200000000084 0.00500000000101863 25.9670000000006 0 8.4900000000016 49.6749999999993 11.5722500000002 46.2890000000007 10.4079999999994 0.00700000000142609 23.739999999998 0 8.53299999999945 22.7590000000018 10.4379999999983
57.3520000000026 18.0653333333333 54.1959999999999 6.84099999999671 0.00700000000142609 25.7510000000002 0 8.04799999999886 49.7430000000022 11.5880000000006 46.3520000000026 10.1489999999976 0.00800000000162981 23.3919999999998 0 8.40300000000207 22.4520000000011 10.4470000000001
56.1880000000019 17.7366666666664 53.2099999999991 6.77399999999761 0.00500000000101863 26.3549999999996 0 8.33799999999974 37.260000000002 11.3393333333333 34.018 10.5659999999989 0.0100000000020373 25.2619999999988 0 8.50800000000163 23.3100000000013 10.9159999999974
57.148000000001 18.1006666666666 54.3019999999997 6.66799999999785 0.00400000000081491 25.987000000001 0 8.49600000000282 38.3529999999992 11.6106666666674 34.8320000000022 11.2469999999994 0.00400000000081491 25.3479999999981 0 8.64400000000023 22.5070000000014 10.5799999999981
57.0470000000023 18.030999999999 54.0929999999971 7.01900000000023 0.00899999999819556 26.4099999999999 0 8.74099999999817 49.1630000000005 11.4459999999999 45.7839999999997 10.6779999999999 0.00300000000061118 24.9089999999997 0 8.61599999999817 22.4180000000015 10.1519999999982
58.8660000000018 18.5559999999993 55.6679999999978 6.99699999999939 0.00999999999839929 26.3369999999995 0 7.98899999999776 38.1539999999986 11.6500000000002 34.9500000000007 10.4150000000009 0.00700000000142609 25.6649999999972 0 8.1239999999998 22.8679999999986 11.219000000001
59.3819999999978 18.8683333333344 56.6050000000032 7.07900000000154 0.00600000000122236 27.5809999999983 0 8.62999999999738 49.7760000000017 11.6532500000003 46.6130000000012 10.6179999999986 0.00899999999819556 25.3880000000026 0 8.80199999999968 23.1289999999972 10.8000000000029
60.3070000000007 19.1676666666669 57.5030000000006 7.16100000000006 0.00500000000101863 26.9889999999978 0 8.53800000000047 37.8859999999986 11.6073333333334 34.8220000000001 10.5040000000008 0.00400000000081491 26.0190000000002 0 9.00300000000061 23.7669999999998 10.9510000000009
57.6260000000002 18.2466666666672 54.7400000000016 7.02500000000146 0.00599999999758438 25.8040000000001 0 8.93700000000172 38.5780000000013 11.8119999999993 35.4359999999979 10.2639999999992 0.00999999999839929 25.0169999999998 0 8.89700000000084 23.012999999999 10.3410000000003
57.2439999999988 18.0546666666657 54.163999999997 6.85199999999895 0.00400000000081491 26.5689999999995 0 8.06599999999889 49.9680000000008 11.6342500000001 46.5370000000003 10.2540000000008 0.00799999999799184 25.4680000000008 0 8.49099999999817 22.3250000000007 10.637999999999
56.9090000000033 18.0466666666665 54.1399999999994 6.67900000000009 0.00599999999758438 25.9259999999995 0 8.41600000000108 50.0210000000006 11.6762499999995 46.7049999999981 10.4830000000002 0.00899999999819556 25.1790000000001 0 8.5089999999982 23.1049999999996 10.2810000000027
60.6370000000024 19.1610000000001 57.4830000000002 7.05099999999948 0.00400000000081491 24.8349999999991 0 8.37000000000262 38.2270000000026 11.6553333333335 34.9660000000003 10.5559999999969 0.00500000000101863 25.4259999999995 0 8.54599999999846 22.5290000000023 10.9499999999971
58.9890000000014 18.6390000000004 55.9170000000013 6.9320000000007 0.00400000000081491 26.6209999999992 0 8.51300000000265 49.4869999999974 11.5150000000003 46.0600000000013 10.398000000001 0.00400000000081491 25.0869999999995 0 8.46299999999974 21.6409999999996 9.97499999999854
